i,Ebeam,x,xl,xr,y,z,zl,zr,Q2,Q2l,Q2r,pT,pTl,pTr,obs,value,stat,syst,target,hadron
0,11,0.267,0.25,0.50,0.33528,0.349,0.30,0.40,1.8463,1.5000,2.0000,0.07131,0.00,0.10,FuuA,1743.67376,205.80430,261.55106,He3,K+
1,11,0.270,0.25,0.50,0.33133,0.355,0.30,0.40,1.8427,1.5000,2.0000,0.14695,0.10,0.20,FuuA,1593.17986,138.42757,238.97698,He3,K+
2,11,0.270,0.25,0.50,0.33120,0.358,0.30,0.40,1.8431,1.5000,2.0000,0.24038,0.20,0.30,FuuA,1309.66158,149.88566,196.44924,He3,K+
3,11,0.270,0.25,0.50,0.33117,0.353,0.30,0.40,1.8412,1.5000,2.0000,0.34755,0.30,0.40,FuuA,948.85877,159.60126,142.32882,He3,K+
4,11,0.265,0.25,0.50,0.33932,0.356,0.30,0.40,1.8561,1.5000,2.0000,0.47693,0.40,0.60,FuuA,542.63699,166.84845,81.39555,He3,K+
5,11,0.255,0.25,0.50,0.37046,0.379,0.30,0.40,1.9490,1.5000,2.0000,0.64124,0.60,0.80,FuuA,188.21952,1514.76600,28.23293,He3,K+
6,11,0.267,0.25,0.50,0.33640,0.424,0.40,0.50,1.8485,1.5000,2.0000,0.08169,0.00,0.10,FuuA,1319.48129,277.25280,197.92219,He3,K+
7,11,0.269,0.25,0.50,0.33260,0.453,0.40,0.50,1.8429,1.5000,2.0000,0.14407,0.10,0.20,FuuA,1112.75934,128.42877,166.91390,He3,K+
8,11,0.271,0.25,0.50,0.33049,0.454,0.40,0.50,1.8426,1.5000,2.0000,0.23744,0.20,0.30,FuuA,959.77078,134.52392,143.96562,He3,K+
9,11,0.270,0.25,0.50,0.33119,0.445,0.40,0.50,1.8427,1.5000,2.0000,0.32827,0.30,0.40,FuuA,793.99690,154.19565,119.09954,He3,K+
10,11,0.265,0.25,0.50,0.33989,0.451,0.40,0.50,1.8584,1.5000,2.0000,0.44787,0.40,0.60,FuuA,517.33756,156.64962,77.60063,He3,K+
11,11,0.257,0.25,0.50,0.36416,0.430,0.40,0.50,1.9290,1.5000,2.0000,0.60553,0.60,0.80,FuuA,234.99286,642.60182,35.24893,He3,K+
12,11,0.267,0.25,0.50,0.33565,0.541,0.50,0.60,1.8472,1.5000,2.0000,0.14955,0.10,0.20,FuuA,793.22351,126.23326,118.98353,He3,K+
13,11,0.267,0.25,0.50,0.33666,0.547,0.50,0.60,1.8501,1.5000,2.0000,0.24954,0.20,0.30,FuuA,678.95561,167.32903,101.84334,He3,K+
14,11,0.264,0.25,0.50,0.34233,0.545,0.50,0.60,1.8646,1.5000,2.0000,0.32912,0.30,0.40,FuuA,574.42109,192.23926,86.16316,He3,K+
15,11,0.260,0.25,0.50,0.35257,0.531,0.50,0.60,1.8924,1.5000,2.0000,0.44034,0.40,0.60,FuuA,425.12662,253.85869,63.76899,He3,K+
16,11,0.278,0.25,0.50,0.39776,0.354,0.30,0.40,2.2712,2.0000,2.5000,0.06585,0.00,0.10,FuuA,929.81112,127.12447,139.47167,He3,K+
17,11,0.286,0.25,0.50,0.38583,0.355,0.30,0.40,2.2628,2.0000,2.5000,0.14960,0.10,0.20,FuuA,854.55110,88.89613,128.18267,He3,K+
18,11,0.287,0.25,0.50,0.38514,0.358,0.30,0.40,2.2642,2.0000,2.5000,0.24761,0.20,0.30,FuuA,700.34879,98.88534,105.05232,He3,K+
19,11,0.286,0.25,0.50,0.38583,0.357,0.30,0.40,2.2628,2.0000,2.5000,0.34874,0.30,0.40,FuuA,511.81000,114.03415,76.77150,He3,K+
20,11,0.281,0.25,0.50,0.39225,0.353,0.30,0.40,2.2639,2.0000,2.5000,0.48475,0.40,0.60,FuuA,285.78072,101.97943,42.86711,He3,K+
21,11,0.268,0.25,0.50,0.41661,0.367,0.30,0.40,2.3034,2.0000,2.5000,0.64971,0.60,0.80,FuuA,115.40302,212.80495,17.31045,He3,K+
22,11,0.275,0.25,0.50,0.40253,0.447,0.40,0.50,2.2754,2.0000,2.5000,0.06270,0.00,0.10,FuuA,713.08264,144.33054,106.96240,He3,K+
23,11,0.284,0.25,0.50,0.38848,0.447,0.40,0.50,2.2648,2.0000,2.5000,0.15097,0.10,0.20,FuuA,660.63769,83.84887,99.09565,He3,K+
24,11,0.288,0.25,0.50,0.38271,0.451,0.40,0.50,2.2624,2.0000,2.5000,0.24971,0.20,0.30,FuuA,550.94797,84.40632,82.64220,He3,K+
25,11,0.286,0.25,0.50,0.38534,0.452,0.40,0.50,2.2639,2.0000,2.5000,0.35128,0.30,0.40,FuuA,424.91583,102.84304,63.73737,He3,K+
26,11,0.280,0.25,0.50,0.39474,0.447,0.40,0.50,2.2687,2.0000,2.5000,0.48023,0.40,0.60,FuuA,275.20653,100.50705,41.28098,He3,K+
27,11,0.267,0.25,0.50,0.41834,0.448,0.40,0.50,2.3011,2.0000,2.5000,0.65748,0.60,0.80,FuuA,114.80859,176.10472,17.22129,He3,K+
28,11,0.257,0.25,0.50,0.45421,0.472,0.40,0.50,2.4055,2.0000,2.5000,0.80634,0.80,1.60,FuuA,41.19742,1047.87540,6.17961,He3,K+
29,11,0.274,0.25,0.50,0.40409,0.543,0.50,0.60,2.2760,2.0000,2.5000,0.07034,0.00,0.10,FuuA,491.27519,151.02007,73.69128,He3,K+
30,11,0.281,0.25,0.50,0.39300,0.548,0.50,0.60,2.2680,2.0000,2.5000,0.15408,0.10,0.20,FuuA,456.15999,100.01127,68.42400,He3,K+
31,11,0.283,0.25,0.50,0.38945,0.548,0.50,0.60,2.2639,2.0000,2.5000,0.24570,0.20,0.30,FuuA,404.98323,90.81877,60.74748,He3,K+
32,11,0.280,0.25,0.50,0.39398,0.547,0.50,0.60,2.2693,2.0000,2.5000,0.34089,0.30,0.40,FuuA,333.82632,108.70309,50.07395,He3,K+
33,11,0.272,0.25,0.50,0.40689,0.547,0.50,0.60,2.2822,2.0000,2.5000,0.46995,0.40,0.60,FuuA,232.62291,110.75252,34.89344,He3,K+
34,11,0.263,0.25,0.50,0.43075,0.538,0.50,0.60,2.3351,2.0000,2.5000,0.64278,0.60,0.80,FuuA,115.62390,231.04451,17.34358,He3,K+
35,11,0.290,0.25,0.50,0.46417,0.353,0.30,0.40,2.7551,2.5000,3.0000,0.06541,0.00,0.10,FuuA,531.40178,110.47373,79.71027,He3,K+
36,11,0.298,0.25,0.50,0.45378,0.356,0.30,0.40,2.7572,2.5000,3.0000,0.15009,0.10,0.20,FuuA,483.50897,78.65090,72.52635,He3,K+
37,11,0.300,0.25,0.50,0.45112,0.355,0.30,0.40,2.7580,2.5000,3.0000,0.24744,0.20,0.30,FuuA,392.51736,89.82108,58.87760,He3,K+
38,11,0.299,0.25,0.50,0.45225,0.357,0.30,0.40,2.7567,2.5000,3.0000,0.34770,0.30,0.40,FuuA,291.91791,100.43488,43.78769,He3,K+
39,11,0.295,0.25,0.50,0.45772,0.354,0.30,0.40,2.7556,2.5000,3.0000,0.49004,0.40,0.60,FuuA,158.85607,91.62305,23.82841,He3,K+
40,11,0.281,0.25,0.50,0.47988,0.362,0.30,0.40,2.7669,2.5000,3.0000,0.67821,0.60,0.80,FuuA,55.90208,153.80035,8.38531,He3,K+
41,11,0.263,0.25,0.50,0.52087,0.383,0.30,0.40,2.8301,2.5000,3.0000,0.88208,0.80,1.60,FuuA,11.72633,1117.96740,1.75895,He3,K+
42,11,0.289,0.25,0.50,0.46582,0.449,0.40,0.50,2.7523,2.5000,3.0000,0.06654,0.00,0.10,FuuA,427.23628,117.34860,64.08544,He3,K+
43,11,0.296,0.25,0.50,0.45627,0.448,0.40,0.50,2.7532,2.5000,3.0000,0.15421,0.10,0.20,FuuA,390.57809,75.62613,58.58671,He3,K+
44,11,0.303,0.25,0.50,0.44744,0.451,0.40,0.50,2.7541,2.5000,3.0000,0.25002,0.20,0.30,FuuA,325.22302,81.08718,48.78345,He3,K+
45,11,0.301,0.25,0.50,0.44972,0.450,0.40,0.50,2.7539,2.5000,3.0000,0.34463,0.30,0.40,FuuA,258.28168,94.25188,38.74225,He3,K+
46,11,0.294,0.25,0.50,0.45866,0.449,0.40,0.50,2.7547,2.5000,3.0000,0.47821,0.40,0.60,FuuA,164.96298,85.39244,24.74445,He3,K+
47,11,0.280,0.25,0.50,0.47994,0.452,0.40,0.50,2.7604,2.5000,3.0000,0.68079,0.60,0.80,FuuA,63.24841,129.72596,9.48726,He3,K+
48,11,0.265,0.25,0.50,0.51287,0.439,0.40,0.50,2.8029,2.5000,3.0000,0.87008,0.80,1.60,FuuA,16.52399,376.68494,2.47860,He3,K+
49,11,0.287,0.25,0.50,0.46761,0.543,0.50,0.60,2.7512,2.5000,3.0000,0.06265,0.00,0.10,FuuA,299.10275,146.26416,44.86541,He3,K+
50,11,0.292,0.25,0.50,0.46144,0.549,0.50,0.60,2.7526,2.5000,3.0000,0.14899,0.10,0.20,FuuA,272.91370,84.41134,40.93705,He3,K+
51,11,0.297,0.25,0.50,0.45502,0.546,0.50,0.60,2.7541,2.5000,3.0000,0.24672,0.20,0.30,FuuA,240.01818,82.32749,36.00273,He3,K+
52,11,0.294,0.25,0.50,0.45838,0.552,0.50,0.60,2.7559,2.5000,3.0000,0.34526,0.30,0.40,FuuA,194.28225,93.45336,29.14234,He3,K+
53,11,0.286,0.25,0.50,0.47091,0.549,0.50,0.60,2.7585,2.5000,3.0000,0.49040,0.40,0.60,FuuA,131.91367,88.39931,19.78705,He3,K+
54,11,0.274,0.25,0.50,0.49145,0.543,0.50,0.60,2.7696,2.5000,3.0000,0.68027,0.60,0.80,FuuA,62.38827,157.81154,9.35824,He3,K+
55,11,0.262,0.25,0.50,0.52147,0.537,0.50,0.60,2.8190,2.5000,3.0000,0.85145,0.80,1.60,FuuA,23.54830,384.35996,3.53224,He3,K+
