i,Ebeam,x,xl,xr,y,z,zl,zr,Q2,Q2l,Q2r,pT,pTl,pTr,obs,value,stat,syst,target,hadron
0,11,0.139,0.00,0.25,0.48409,0.323,0.30,0.35,1.3670,1.0000,1.5000,0.06952,0.00,0.10,FuuA,11620.95299,42.58296,1162.09530,He3,pi+
1,11,0.125,0.00,0.25,0.52409,0.323,0.30,0.35,1.3246,1.0000,1.5000,0.12735,0.10,0.15,FuuA,10892.14205,35.17026,1089.21421,He3,pi+
2,11,0.116,0.00,0.25,0.55617,0.323,0.30,0.35,1.2982,1.0000,1.5000,0.17569,0.15,0.20,FuuA,9939.31871,27.14186,993.93187,He3,pi+
3,11,0.108,0.00,0.25,0.58839,0.323,0.30,0.35,1.2781,1.0000,1.5000,0.22572,0.20,0.25,FuuA,8742.23911,22.85868,874.22391,He3,pi+
4,11,0.102,0.00,0.25,0.61874,0.323,0.30,0.35,1.2631,1.0000,1.5000,0.27573,0.25,0.30,FuuA,7458.00379,20.83618,745.80038,He3,pi+
5,11,0.097,0.00,0.25,0.64378,0.323,0.30,0.35,1.2516,1.0000,1.5000,0.32552,0.30,0.35,FuuA,6206.52144,19.78942,620.65214,He3,pi+
6,11,0.094,0.00,0.25,0.66157,0.324,0.30,0.35,1.2447,1.0000,1.5000,0.37522,0.35,0.40,FuuA,5044.54364,19.99980,504.45436,He3,pi+
7,11,0.092,0.00,0.25,0.67384,0.324,0.30,0.35,1.2408,1.0000,1.5000,0.42476,0.40,0.45,FuuA,4001.03751,20.64578,400.10375,He3,pi+
8,11,0.092,0.00,0.25,0.68032,0.324,0.30,0.35,1.2382,1.0000,1.5000,0.47427,0.45,0.50,FuuA,3099.54456,21.80770,309.95446,He3,pi+
9,11,0.091,0.00,0.25,0.68452,0.324,0.30,0.35,1.2365,1.0000,1.5000,0.52420,0.50,0.55,FuuA,2332.56934,22.58605,233.25693,He3,pi+
10,11,0.090,0.00,0.25,0.69238,0.325,0.30,0.35,1.2356,1.0000,1.5000,0.57440,0.55,0.60,FuuA,1694.33722,25.74246,169.43372,He3,pi+
11,11,0.088,0.00,0.25,0.70428,0.326,0.30,0.35,1.2314,1.0000,1.5000,0.64345,0.60,0.70,FuuA,1064.80959,24.62150,106.48096,He3,pi+
12,11,0.082,0.00,0.25,0.73654,0.328,0.30,0.35,1.2254,1.0000,1.5000,0.74046,0.70,0.80,FuuA,498.31420,46.35967,49.83142,He3,pi+
13,11,0.077,0.00,0.25,0.78127,0.333,0.30,0.35,1.2235,1.0000,1.5000,0.83656,0.80,1.60,FuuA,211.06426,107.20771,21.10643,He3,pi+
14,11,0.141,0.00,0.25,0.47985,0.373,0.35,0.40,1.3719,1.0000,1.5000,0.07030,0.00,0.10,FuuA,7923.52196,50.52334,792.35220,He3,pi+
15,11,0.128,0.00,0.25,0.51386,0.373,0.35,0.40,1.3336,1.0000,1.5000,0.12893,0.10,0.15,FuuA,7482.63246,43.35271,748.26325,He3,pi+
16,11,0.120,0.00,0.25,0.54193,0.373,0.35,0.40,1.3083,1.0000,1.5000,0.17728,0.15,0.20,FuuA,6906.77645,33.68732,690.67764,He3,pi+
17,11,0.113,0.00,0.25,0.56922,0.373,0.35,0.40,1.2885,1.0000,1.5000,0.22620,0.20,0.25,FuuA,6189.34554,29.06428,618.93455,He3,pi+
18,11,0.106,0.00,0.25,0.59610,0.373,0.35,0.40,1.2735,1.0000,1.5000,0.27520,0.25,0.30,FuuA,5393.33414,25.85869,539.33341,He3,pi+
19,11,0.101,0.00,0.25,0.62165,0.373,0.35,0.40,1.2610,1.0000,1.5000,0.32518,0.30,0.35,FuuA,4568.78128,23.96313,456.87813,He3,pi+
20,11,0.097,0.00,0.25,0.64280,0.374,0.35,0.40,1.2511,1.0000,1.5000,0.37486,0.35,0.40,FuuA,3787.84976,23.77591,378.78498,He3,pi+
21,11,0.095,0.00,0.25,0.65880,0.374,0.35,0.40,1.2451,1.0000,1.5000,0.42438,0.40,0.45,FuuA,3071.87031,23.89744,307.18703,He3,pi+
22,11,0.093,0.00,0.25,0.67034,0.374,0.35,0.40,1.2414,1.0000,1.5000,0.47414,0.45,0.50,FuuA,2432.96045,25.14561,243.29605,He3,pi+
23,11,0.092,0.00,0.25,0.67799,0.374,0.35,0.40,1.2386,1.0000,1.5000,0.52433,0.50,0.55,FuuA,1880.67819,26.35168,188.06782,He3,pi+
24,11,0.092,0.00,0.25,0.68083,0.374,0.35,0.40,1.2368,1.0000,1.5000,0.57498,0.55,0.60,FuuA,1417.78629,28.35615,141.77863,He3,pi+
25,11,0.090,0.00,0.25,0.68959,0.375,0.35,0.40,1.2353,1.0000,1.5000,0.64577,0.60,0.70,FuuA,919.49106,23.52107,91.94911,He3,pi+
26,11,0.088,0.00,0.25,0.70313,0.376,0.35,0.40,1.2309,1.0000,1.5000,0.74054,0.70,0.80,FuuA,473.49975,35.42824,47.34998,He3,pi+
27,11,0.082,0.00,0.25,0.73732,0.379,0.35,0.40,1.2252,1.0000,1.5000,0.85385,0.80,1.60,FuuA,200.71814,53.53709,20.07181,He3,pi+
28,11,0.142,0.00,0.25,0.47559,0.423,0.40,0.45,1.3765,1.0000,1.5000,0.06923,0.00,0.10,FuuA,5507.54227,61.44702,550.75423,He3,pi+
29,11,0.132,0.00,0.25,0.50317,0.423,0.40,0.45,1.3444,1.0000,1.5000,0.12621,0.10,0.15,FuuA,5251.68769,55.62423,525.16877,He3,pi+
30,11,0.124,0.00,0.25,0.52873,0.423,0.40,0.45,1.3188,1.0000,1.5000,0.17508,0.15,0.20,FuuA,4903.25216,40.77384,490.32522,He3,pi+
31,11,0.116,0.00,0.25,0.55374,0.423,0.40,0.45,1.2986,1.0000,1.5000,0.22508,0.20,0.25,FuuA,4451.66889,36.11999,445.16689,He3,pi+
32,11,0.110,0.00,0.25,0.57787,0.423,0.40,0.45,1.2825,1.0000,1.5000,0.27499,0.25,0.30,FuuA,3939.26299,31.10926,393.92630,He3,pi+
33,11,0.105,0.00,0.25,0.60160,0.423,0.40,0.45,1.2702,1.0000,1.5000,0.32491,0.30,0.35,FuuA,3398.60767,29.77080,339.86077,He3,pi+
34,11,0.101,0.00,0.25,0.62408,0.423,0.40,0.45,1.2591,1.0000,1.5000,0.37532,0.35,0.40,FuuA,2864.73692,27.46457,286.47369,He3,pi+
35,11,0.097,0.00,0.25,0.64304,0.424,0.40,0.45,1.2506,1.0000,1.5000,0.42596,0.40,0.45,FuuA,2360.05667,28.21508,236.00567,He3,pi+
36,11,0.095,0.00,0.25,0.65711,0.424,0.40,0.45,1.2450,1.0000,1.5000,0.47465,0.45,0.50,FuuA,1921.85581,29.15993,192.18558,He3,pi+
37,11,0.093,0.00,0.25,0.66803,0.424,0.40,0.45,1.2415,1.0000,1.5000,0.52419,0.50,0.55,FuuA,1528.05916,29.88742,152.80592,He3,pi+
38,11,0.092,0.00,0.25,0.67594,0.424,0.40,0.45,1.2392,1.0000,1.5000,0.57517,0.55,0.60,FuuA,1181.21736,31.92392,118.12174,He3,pi+
39,11,0.092,0.00,0.25,0.68065,0.424,0.40,0.45,1.2364,1.0000,1.5000,0.64826,0.60,0.70,FuuA,793.86956,25.69396,79.38696,He3,pi+
40,11,0.090,0.00,0.25,0.69118,0.425,0.40,0.45,1.2346,1.0000,1.5000,0.74635,0.70,0.80,FuuA,428.10980,31.56135,42.81098,He3,pi+
41,11,0.086,0.00,0.25,0.71382,0.427,0.40,0.45,1.2285,1.0000,1.5000,0.88185,0.80,1.60,FuuA,172.33735,41.24884,17.23373,He3,pi+
42,11,0.143,0.00,0.25,0.47351,0.474,0.45,0.50,1.3786,1.0000,1.5000,0.07213,0.00,0.10,FuuA,3847.09996,70.27913,384.71000,He3,pi+
43,11,0.134,0.00,0.25,0.49642,0.473,0.45,0.50,1.3511,1.0000,1.5000,0.12793,0.10,0.15,FuuA,3689.19027,70.66396,368.91903,He3,pi+
44,11,0.127,0.00,0.25,0.51916,0.473,0.45,0.50,1.3275,1.0000,1.5000,0.17530,0.15,0.20,FuuA,3480.21223,49.36480,348.02122,He3,pi+
45,11,0.120,0.00,0.25,0.54256,0.473,0.45,0.50,1.3066,1.0000,1.5000,0.22711,0.20,0.25,FuuA,3187.74272,42.88104,318.77427,He3,pi+
46,11,0.114,0.00,0.25,0.56377,0.473,0.45,0.50,1.2913,1.0000,1.5000,0.27568,0.25,0.30,FuuA,2869.48558,39.73667,286.94856,He3,pi+
47,11,0.109,0.00,0.25,0.58519,0.473,0.45,0.50,1.2780,1.0000,1.5000,0.32540,0.30,0.35,FuuA,2522.05593,34.62700,252.20559,He3,pi+
48,11,0.104,0.00,0.25,0.60683,0.474,0.45,0.50,1.2668,1.0000,1.5000,0.37624,0.35,0.40,FuuA,2160.77198,33.84876,216.07720,He3,pi+
49,11,0.100,0.00,0.25,0.62635,0.474,0.45,0.50,1.2576,1.0000,1.5000,0.42593,0.40,0.45,FuuA,1821.48835,32.86741,182.14884,He3,pi+
50,11,0.097,0.00,0.25,0.64255,0.474,0.45,0.50,1.2501,1.0000,1.5000,0.47528,0.45,0.50,FuuA,1510.37554,33.53813,151.03755,He3,pi+
51,11,0.095,0.00,0.25,0.65555,0.474,0.45,0.50,1.2453,1.0000,1.5000,0.52365,0.50,0.55,FuuA,1234.39899,34.85228,123.43990,He3,pi+
52,11,0.094,0.00,0.25,0.66583,0.474,0.45,0.50,1.2417,1.0000,1.5000,0.57374,0.55,0.60,FuuA,984.83377,35.16981,98.48338,He3,pi+
53,11,0.092,0.00,0.25,0.67593,0.474,0.45,0.50,1.2384,1.0000,1.5000,0.64809,0.60,0.70,FuuA,683.75514,28.34645,68.37551,He3,pi+
54,11,0.091,0.00,0.25,0.68146,0.474,0.45,0.50,1.2353,1.0000,1.5000,0.74654,0.70,0.80,FuuA,393.96436,33.93246,39.39644,He3,pi+
55,11,0.088,0.00,0.25,0.70075,0.476,0.45,0.50,1.2312,1.0000,1.5000,0.89633,0.80,1.60,FuuA,163.57521,33.54275,16.35752,He3,pi+
56,11,0.145,0.00,0.25,0.46973,0.524,0.50,0.55,1.3829,1.0000,1.5000,0.06912,0.00,0.10,FuuA,2737.32593,87.42247,273.73259,He3,pi+
57,11,0.137,0.00,0.25,0.48854,0.523,0.50,0.55,1.3606,1.0000,1.5000,0.12403,0.10,0.15,FuuA,2640.79739,86.39464,264.07974,He3,pi+
58,11,0.130,0.00,0.25,0.50954,0.523,0.50,0.55,1.3367,1.0000,1.5000,0.17173,0.15,0.20,FuuA,2513.92280,60.66980,251.39228,He3,pi+
59,11,0.123,0.00,0.25,0.53223,0.523,0.50,0.55,1.3149,1.0000,1.5000,0.22567,0.20,0.25,FuuA,2324.52325,50.19644,232.45232,He3,pi+
60,11,0.117,0.00,0.25,0.55304,0.523,0.50,0.55,1.2981,1.0000,1.5000,0.27765,0.25,0.30,FuuA,2105.55202,46.27634,210.55520,He3,pi+
61,11,0.112,0.00,0.25,0.57251,0.524,0.50,0.55,1.2849,1.0000,1.5000,0.32697,0.30,0.35,FuuA,1879.08342,43.01496,187.90834,He3,pi+
62,11,0.107,0.00,0.25,0.59140,0.524,0.50,0.55,1.2741,1.0000,1.5000,0.37555,0.35,0.40,FuuA,1648.41100,40.81677,164.84110,He3,pi+
63,11,0.103,0.00,0.25,0.61047,0.524,0.50,0.55,1.2647,1.0000,1.5000,0.42513,0.40,0.45,FuuA,1415.43683,38.54329,141.54368,He3,pi+
64,11,0.100,0.00,0.25,0.62805,0.524,0.50,0.55,1.2563,1.0000,1.5000,0.47431,0.45,0.50,FuuA,1196.56214,39.13638,119.65621,He3,pi+
65,11,0.097,0.00,0.25,0.64275,0.524,0.50,0.55,1.2491,1.0000,1.5000,0.52288,0.50,0.55,FuuA,999.04075,38.96793,99.90408,He3,pi+
66,11,0.095,0.00,0.25,0.65483,0.524,0.50,0.55,1.2447,1.0000,1.5000,0.57433,0.55,0.60,FuuA,810.70997,38.93730,81.07100,He3,pi+
67,11,0.093,0.00,0.25,0.66801,0.524,0.50,0.55,1.2402,1.0000,1.5000,0.64741,0.60,0.70,FuuA,586.87358,31.76597,58.68736,He3,pi+
68,11,0.092,0.00,0.25,0.67830,0.524,0.50,0.55,1.2370,1.0000,1.5000,0.74408,0.70,0.80,FuuA,361.15453,36.36695,36.11545,He3,pi+
69,11,0.089,0.00,0.25,0.69459,0.525,0.50,0.55,1.2305,1.0000,1.5000,0.91814,0.80,1.60,FuuA,146.82607,30.98652,14.68261,He3,pi+
70,11,0.146,0.00,0.25,0.46559,0.574,0.55,0.60,1.3875,1.0000,1.5000,0.05784,0.00,0.10,FuuA,1984.14772,123.82920,198.41477,He3,pi+
71,11,0.140,0.00,0.25,0.48254,0.574,0.55,0.60,1.3673,1.0000,1.5000,0.11976,0.10,0.15,FuuA,1915.68254,86.18241,191.56825,He3,pi+
72,11,0.131,0.00,0.25,0.50491,0.573,0.55,0.60,1.3415,1.0000,1.5000,0.17664,0.15,0.20,FuuA,1819.64961,70.34632,181.96496,He3,pi+
73,11,0.124,0.00,0.25,0.52581,0.574,0.55,0.60,1.3199,1.0000,1.5000,0.23028,0.20,0.25,FuuA,1696.90269,60.54178,169.69027,He3,pi+
74,11,0.119,0.00,0.25,0.54301,0.574,0.55,0.60,1.3053,1.0000,1.5000,0.27669,0.25,0.30,FuuA,1569.43593,61.26397,156.94359,He3,pi+
75,11,0.115,0.00,0.25,0.56039,0.574,0.55,0.60,1.2923,1.0000,1.5000,0.32385,0.30,0.35,FuuA,1426.36616,49.62419,142.63662,He3,pi+
76,11,0.110,0.00,0.25,0.57984,0.574,0.55,0.60,1.2800,1.0000,1.5000,0.37677,0.35,0.40,FuuA,1256.81478,45.94873,125.68148,He3,pi+
77,11,0.106,0.00,0.25,0.59794,0.574,0.55,0.60,1.2703,1.0000,1.5000,0.42791,0.40,0.45,FuuA,1092.10650,45.83021,109.21065,He3,pi+
78,11,0.102,0.00,0.25,0.61458,0.574,0.55,0.60,1.2617,1.0000,1.5000,0.47632,0.45,0.50,FuuA,941.66759,45.51162,94.16676,He3,pi+
79,11,0.100,0.00,0.25,0.62935,0.574,0.55,0.60,1.2548,1.0000,1.5000,0.52393,0.50,0.55,FuuA,802.17307,45.46716,80.21731,He3,pi+
80,11,0.097,0.00,0.25,0.64309,0.574,0.55,0.60,1.2487,1.0000,1.5000,0.57513,0.55,0.60,FuuA,665.30294,43.20656,66.53029,He3,pi+
81,11,0.095,0.00,0.25,0.65822,0.574,0.55,0.60,1.2430,1.0000,1.5000,0.64863,0.60,0.70,FuuA,496.25115,35.23189,49.62511,He3,pi+
82,11,0.092,0.00,0.25,0.67335,0.574,0.55,0.60,1.2377,1.0000,1.5000,0.74485,0.70,0.80,FuuA,321.37171,39.05028,32.13717,He3,pi+
83,11,0.088,0.00,0.25,0.69495,0.575,0.55,0.60,1.2279,1.0000,1.5000,0.94132,0.80,1.60,FuuA,129.60610,30.67007,12.96061,He3,pi+
84,11,0.188,0.00,0.25,0.45372,0.324,0.30,0.35,1.7277,1.5000,2.0000,0.06568,0.00,0.10,FuuA,7883.49666,27.08243,788.34967,He3,pi+
85,11,0.177,0.00,0.25,0.48782,0.324,0.30,0.35,1.7280,1.5000,2.0000,0.12690,0.10,0.15,FuuA,7089.27972,26.75155,708.92797,He3,pi+
86,11,0.166,0.00,0.25,0.52276,0.324,0.30,0.35,1.7274,1.5000,2.0000,0.17580,0.15,0.20,FuuA,6286.67893,24.98172,628.66789,He3,pi+
87,11,0.158,0.00,0.25,0.55208,0.324,0.30,0.35,1.7250,1.5000,2.0000,0.22474,0.20,0.25,FuuA,5468.81984,23.12649,546.88198,He3,pi+
88,11,0.152,0.00,0.25,0.57400,0.324,0.30,0.35,1.7224,1.5000,2.0000,0.27463,0.25,0.30,FuuA,4655.21671,22.78275,465.52167,He3,pi+
89,11,0.148,0.00,0.25,0.58939,0.324,0.30,0.35,1.7204,1.5000,2.0000,0.32485,0.30,0.35,FuuA,3873.26774,23.04751,387.32677,He3,pi+
90,11,0.146,0.00,0.25,0.59916,0.324,0.30,0.35,1.7182,1.5000,2.0000,0.37450,0.35,0.40,FuuA,3156.56300,24.65433,315.65630,He3,pi+
91,11,0.145,0.00,0.25,0.60421,0.324,0.30,0.35,1.7157,1.5000,2.0000,0.42436,0.40,0.45,FuuA,2510.79460,25.62306,251.07946,He3,pi+
92,11,0.146,0.00,0.25,0.60019,0.324,0.30,0.35,1.7122,1.5000,2.0000,0.47523,0.45,0.50,FuuA,1948.94144,27.95185,194.89414,He3,pi+
93,11,0.148,0.00,0.25,0.59226,0.324,0.30,0.35,1.7109,1.5000,2.0000,0.52557,0.50,0.55,FuuA,1479.57073,30.06140,147.95707,He3,pi+
94,11,0.147,0.00,0.25,0.59689,0.325,0.30,0.35,1.7150,1.5000,2.0000,0.57517,0.55,0.60,FuuA,1079.48310,33.98471,107.94831,He3,pi+
95,11,0.140,0.00,0.25,0.62004,0.326,0.30,0.35,1.7218,1.5000,2.0000,0.64296,0.60,0.70,FuuA,672.73148,32.79214,67.27315,He3,pi+
96,11,0.128,0.00,0.25,0.66964,0.329,0.30,0.35,1.7244,1.5000,2.0000,0.74084,0.70,0.80,FuuA,307.05875,61.48897,30.70588,He3,pi+
97,11,0.117,0.00,0.25,0.72134,0.334,0.30,0.35,1.7237,1.5000,2.0000,0.84013,0.80,1.60,FuuA,122.09776,157.31760,12.20978,He3,pi+
98,11,0.189,0.00,0.25,0.45155,0.374,0.35,0.40,1.7270,1.5000,2.0000,0.06605,0.00,0.10,FuuA,5358.73546,32.26060,535.87355,He3,pi+
99,11,0.181,0.00,0.25,0.47573,0.374,0.35,0.40,1.7279,1.5000,2.0000,0.12571,0.10,0.15,FuuA,4909.78218,32.42766,490.97822,He3,pi+
100,11,0.172,0.00,0.25,0.50534,0.374,0.35,0.40,1.7274,1.5000,2.0000,0.17527,0.15,0.20,FuuA,4405.47522,28.37815,440.54752,He3,pi+
101,11,0.163,0.00,0.25,0.53519,0.374,0.35,0.40,1.7264,1.5000,2.0000,0.22594,0.20,0.25,FuuA,3856.00396,27.43079,385.60040,He3,pi+
102,11,0.156,0.00,0.25,0.55826,0.374,0.35,0.40,1.7241,1.5000,2.0000,0.27527,0.25,0.30,FuuA,3328.30678,26.82646,332.83068,He3,pi+
103,11,0.152,0.00,0.25,0.57545,0.374,0.35,0.40,1.7219,1.5000,2.0000,0.32443,0.30,0.35,FuuA,2823.18222,26.98029,282.31822,He3,pi+
104,11,0.149,0.00,0.25,0.58842,0.374,0.35,0.40,1.7201,1.5000,2.0000,0.37451,0.35,0.40,FuuA,2338.48425,27.37031,233.84842,He3,pi+
105,11,0.146,0.00,0.25,0.59735,0.374,0.35,0.40,1.7179,1.5000,2.0000,0.42400,0.40,0.45,FuuA,1901.25827,29.85410,190.12583,He3,pi+
106,11,0.146,0.00,0.25,0.60217,0.374,0.35,0.40,1.7161,1.5000,2.0000,0.47348,0.45,0.50,FuuA,1513.39510,31.01893,151.33951,He3,pi+
107,11,0.146,0.00,0.25,0.60147,0.374,0.35,0.40,1.7131,1.5000,2.0000,0.52520,0.50,0.55,FuuA,1168.22809,33.62760,116.82281,He3,pi+
108,11,0.148,0.00,0.25,0.59411,0.374,0.35,0.40,1.7105,1.5000,2.0000,0.57462,0.55,0.60,FuuA,894.93106,38.72773,89.49311,He3,pi+
109,11,0.148,0.00,0.25,0.59413,0.375,0.35,0.40,1.7135,1.5000,2.0000,0.64525,0.60,0.70,FuuA,586.02113,30.40883,58.60211,He3,pi+
110,11,0.140,0.00,0.25,0.62047,0.376,0.35,0.40,1.7215,1.5000,2.0000,0.74386,0.70,0.80,FuuA,288.61792,46.53342,28.86179,He3,pi+
111,11,0.127,0.00,0.25,0.67238,0.379,0.35,0.40,1.7235,1.5000,2.0000,0.85985,0.80,1.60,FuuA,115.38642,77.66372,11.53864,He3,pi+
112,11,0.190,0.00,0.25,0.44970,0.424,0.40,0.45,1.7267,1.5000,2.0000,0.06565,0.00,0.10,FuuA,3706.71277,38.78100,370.67128,He3,pi+
113,11,0.183,0.00,0.25,0.46813,0.424,0.40,0.45,1.7268,1.5000,2.0000,0.12522,0.10,0.15,FuuA,3443.35106,38.03741,344.33511,He3,pi+
114,11,0.176,0.00,0.25,0.49127,0.424,0.40,0.45,1.7273,1.5000,2.0000,0.17429,0.15,0.20,FuuA,3131.44735,33.69442,313.14474,He3,pi+
115,11,0.167,0.00,0.25,0.51853,0.424,0.40,0.45,1.7268,1.5000,2.0000,0.22424,0.20,0.25,FuuA,2781.74600,32.33494,278.17460,He3,pi+
116,11,0.160,0.00,0.25,0.54295,0.424,0.40,0.45,1.7255,1.5000,2.0000,0.27492,0.25,0.30,FuuA,2421.24825,30.57795,242.12483,He3,pi+
117,11,0.155,0.00,0.25,0.56233,0.424,0.40,0.45,1.7231,1.5000,2.0000,0.32596,0.30,0.35,FuuA,2070.68744,30.85745,207.06874,He3,pi+
118,11,0.151,0.00,0.25,0.57689,0.424,0.40,0.45,1.7212,1.5000,2.0000,0.37564,0.35,0.40,FuuA,1746.65053,31.94152,174.66505,He3,pi+
119,11,0.149,0.00,0.25,0.58780,0.424,0.40,0.45,1.7198,1.5000,2.0000,0.42454,0.40,0.45,FuuA,1449.81508,33.35044,144.98151,He3,pi+
120,11,0.147,0.00,0.25,0.59567,0.424,0.40,0.45,1.7181,1.5000,2.0000,0.47350,0.45,0.50,FuuA,1181.55569,35.28691,118.15557,He3,pi+
121,11,0.146,0.00,0.25,0.60068,0.424,0.40,0.45,1.7160,1.5000,2.0000,0.52456,0.50,0.55,FuuA,936.05866,36.68479,93.60587,He3,pi+
122,11,0.146,0.00,0.25,0.60212,0.424,0.40,0.45,1.7143,1.5000,2.0000,0.57447,0.55,0.60,FuuA,730.17651,43.03029,73.01765,He3,pi+
123,11,0.148,0.00,0.25,0.59424,0.424,0.40,0.45,1.7107,1.5000,2.0000,0.64428,0.60,0.70,FuuA,506.21703,33.68401,50.62170,He3,pi+
124,11,0.146,0.00,0.25,0.59846,0.425,0.40,0.45,1.7145,1.5000,2.0000,0.74425,0.70,0.80,FuuA,272.77027,41.13861,27.27703,He3,pi+
125,11,0.135,0.00,0.25,0.63776,0.427,0.40,0.45,1.7221,1.5000,2.0000,0.88081,0.80,1.60,FuuA,106.14261,56.04550,10.61426,He3,pi+
126,11,0.190,0.00,0.25,0.44808,0.474,0.45,0.50,1.7265,1.5000,2.0000,0.06621,0.00,0.10,FuuA,2579.18849,45.86582,257.91885,He3,pi+
127,11,0.185,0.00,0.25,0.46391,0.474,0.45,0.50,1.7263,1.5000,2.0000,0.12762,0.10,0.15,FuuA,2412.84402,43.08125,241.28440,He3,pi+
128,11,0.179,0.00,0.25,0.48235,0.474,0.45,0.50,1.7268,1.5000,2.0000,0.17628,0.15,0.20,FuuA,2220.41355,40.81581,222.04136,He3,pi+
129,11,0.171,0.00,0.25,0.50566,0.474,0.45,0.50,1.7267,1.5000,2.0000,0.22568,0.20,0.25,FuuA,1996.73211,36.82855,199.67321,He3,pi+
130,11,0.164,0.00,0.25,0.52945,0.474,0.45,0.50,1.7259,1.5000,2.0000,0.27629,0.25,0.30,FuuA,1759.09517,36.62417,175.90952,He3,pi+
131,11,0.159,0.00,0.25,0.54920,0.474,0.45,0.50,1.7242,1.5000,2.0000,0.32514,0.30,0.35,FuuA,1532.89128,36.45209,153.28913,He3,pi+
132,11,0.155,0.00,0.25,0.56474,0.474,0.45,0.50,1.7222,1.5000,2.0000,0.37378,0.35,0.40,FuuA,1318.05630,36.72894,131.80563,He3,pi+
133,11,0.151,0.00,0.25,0.57742,0.474,0.45,0.50,1.7207,1.5000,2.0000,0.42469,0.40,0.45,FuuA,1106.72176,36.27055,110.67218,He3,pi+
134,11,0.149,0.00,0.25,0.58753,0.474,0.45,0.50,1.7192,1.5000,2.0000,0.47492,0.45,0.50,FuuA,914.77896,40.28909,91.47790,He3,pi+
135,11,0.147,0.00,0.25,0.59473,0.474,0.45,0.50,1.7179,1.5000,2.0000,0.52527,0.50,0.55,FuuA,742.81590,40.28119,74.28159,He3,pi+
136,11,0.146,0.00,0.25,0.59983,0.474,0.45,0.50,1.7159,1.5000,2.0000,0.57633,0.55,0.60,FuuA,590.35239,46.14910,59.03524,He3,pi+
137,11,0.146,0.00,0.25,0.60185,0.474,0.45,0.50,1.7138,1.5000,2.0000,0.64784,0.60,0.70,FuuA,417.76119,36.68599,41.77612,He3,pi+
138,11,0.146,0.00,0.25,0.59978,0.474,0.45,0.50,1.7101,1.5000,2.0000,0.74492,0.70,0.80,FuuA,245.56647,46.50003,24.55665,He3,pi+
139,11,0.138,0.00,0.25,0.62545,0.476,0.45,0.50,1.7159,1.5000,2.0000,0.89354,0.80,1.60,FuuA,102.62491,45.86825,10.26249,He3,pi+
140,11,0.191,0.00,0.25,0.44663,0.524,0.50,0.55,1.7259,1.5000,2.0000,0.06581,0.00,0.10,FuuA,1823.32583,54.71091,182.33258,He3,pi+
141,11,0.186,0.00,0.25,0.45990,0.524,0.50,0.55,1.7260,1.5000,2.0000,0.12775,0.10,0.15,FuuA,1718.91984,49.98877,171.89198,He3,pi+
142,11,0.181,0.00,0.25,0.47535,0.524,0.50,0.55,1.7265,1.5000,2.0000,0.17784,0.15,0.20,FuuA,1594.46994,46.71465,159.44699,He3,pi+
143,11,0.175,0.00,0.25,0.49533,0.524,0.50,0.55,1.7264,1.5000,2.0000,0.22764,0.20,0.25,FuuA,1447.80866,43.02471,144.78087,He3,pi+
144,11,0.168,0.00,0.25,0.51765,0.524,0.50,0.55,1.7255,1.5000,2.0000,0.27779,0.25,0.30,FuuA,1291.72877,42.64232,129.17288,He3,pi+
145,11,0.162,0.00,0.25,0.53677,0.524,0.50,0.55,1.7247,1.5000,2.0000,0.32521,0.30,0.35,FuuA,1142.72181,43.44609,114.27218,He3,pi+
146,11,0.157,0.00,0.25,0.55362,0.524,0.50,0.55,1.7231,1.5000,2.0000,0.37396,0.35,0.40,FuuA,994.43432,40.79954,99.44343,He3,pi+
147,11,0.154,0.00,0.25,0.56712,0.524,0.50,0.55,1.7215,1.5000,2.0000,0.42374,0.40,0.45,FuuA,851.91024,43.25193,85.19102,He3,pi+
148,11,0.151,0.00,0.25,0.57780,0.524,0.50,0.55,1.7203,1.5000,2.0000,0.47349,0.45,0.50,FuuA,718.92314,43.20016,71.89231,He3,pi+
149,11,0.149,0.00,0.25,0.58701,0.524,0.50,0.55,1.7185,1.5000,2.0000,0.52455,0.50,0.55,FuuA,594.53316,45.95563,59.45332,He3,pi+
150,11,0.147,0.00,0.25,0.59425,0.524,0.50,0.55,1.7178,1.5000,2.0000,0.57468,0.55,0.60,FuuA,484.93864,49.58316,48.49386,He3,pi+
151,11,0.145,0.00,0.25,0.60365,0.524,0.50,0.55,1.7159,1.5000,2.0000,0.64954,0.60,0.70,FuuA,349.24289,38.80197,34.92429,He3,pi+
152,11,0.141,0.00,0.25,0.61384,0.524,0.50,0.55,1.7124,1.5000,2.0000,0.75237,0.70,0.80,FuuA,208.65206,49.35211,20.86521,He3,pi+
153,11,0.135,0.00,0.25,0.63324,0.525,0.50,0.55,1.7113,1.5000,2.0000,0.92454,0.80,1.60,FuuA,84.69878,46.24996,8.46988,He3,pi+
154,11,0.191,0.00,0.25,0.44590,0.574,0.55,0.60,1.7256,1.5000,2.0000,0.06897,0.00,0.10,FuuA,1303.32556,61.51679,130.33256,He3,pi+
155,11,0.187,0.00,0.25,0.45695,0.574,0.55,0.60,1.7258,1.5000,2.0000,0.12919,0.10,0.15,FuuA,1237.80650,61.94875,123.78065,He3,pi+
156,11,0.183,0.00,0.25,0.46952,0.574,0.55,0.60,1.7258,1.5000,2.0000,0.17654,0.15,0.20,FuuA,1162.85623,54.49369,116.28562,He3,pi+
157,11,0.177,0.00,0.25,0.48622,0.574,0.55,0.60,1.7257,1.5000,2.0000,0.22667,0.20,0.25,FuuA,1067.43140,49.39177,106.74314,He3,pi+
158,11,0.171,0.00,0.25,0.50657,0.574,0.55,0.60,1.7258,1.5000,2.0000,0.27660,0.25,0.30,FuuA,962.08673,49.70543,96.20867,He3,pi+
159,11,0.165,0.00,0.25,0.52570,0.574,0.55,0.60,1.7254,1.5000,2.0000,0.32427,0.30,0.35,FuuA,860.01498,49.43008,86.00150,He3,pi+
160,11,0.160,0.00,0.25,0.54305,0.574,0.55,0.60,1.7240,1.5000,2.0000,0.37429,0.35,0.40,FuuA,755.40979,46.21938,75.54098,He3,pi+
161,11,0.156,0.00,0.25,0.55759,0.574,0.55,0.60,1.7226,1.5000,2.0000,0.42387,0.40,0.45,FuuA,656.00825,50.12675,65.60082,He3,pi+
162,11,0.153,0.00,0.25,0.56927,0.574,0.55,0.60,1.7213,1.5000,2.0000,0.47159,0.45,0.50,FuuA,566.24539,49.51336,56.62454,He3,pi+
163,11,0.150,0.00,0.25,0.58034,0.574,0.55,0.60,1.7202,1.5000,2.0000,0.52271,0.50,0.55,FuuA,476.81977,50.13913,47.68198,He3,pi+
164,11,0.147,0.00,0.25,0.59112,0.574,0.55,0.60,1.7190,1.5000,2.0000,0.57432,0.55,0.60,FuuA,394.62483,54.52804,39.46248,He3,pi+
165,11,0.144,0.00,0.25,0.60479,0.574,0.55,0.60,1.7177,1.5000,2.0000,0.64710,0.60,0.70,FuuA,295.33900,43.37641,29.53390,He3,pi+
166,11,0.139,0.00,0.25,0.62177,0.574,0.55,0.60,1.7146,1.5000,2.0000,0.74207,0.70,0.80,FuuA,192.38866,54.85003,19.23887,He3,pi+
167,11,0.132,0.00,0.25,0.64732,0.575,0.55,0.60,1.7095,1.5000,2.0000,0.92749,0.80,1.60,FuuA,82.21485,44.84083,8.22148,He3,pi+
168,11,0.211,0.00,0.25,0.51515,0.323,0.30,0.35,2.2134,2.0000,2.5000,0.06636,0.00,0.10,FuuA,4488.82704,39.34790,448.88270,He3,pi+
169,11,0.201,0.00,0.25,0.54310,0.324,0.30,0.35,2.2173,2.0000,2.5000,0.12665,0.10,0.15,FuuA,4099.03101,37.80200,409.90310,He3,pi+
170,11,0.194,0.00,0.25,0.56540,0.324,0.30,0.35,2.2172,2.0000,2.5000,0.17532,0.15,0.20,FuuA,3712.46338,35.02828,371.24634,He3,pi+
171,11,0.188,0.00,0.25,0.58140,0.324,0.30,0.35,2.2160,2.0000,2.5000,0.22473,0.20,0.25,FuuA,3283.46988,32.96191,328.34699,He3,pi+
172,11,0.184,0.00,0.25,0.59351,0.324,0.30,0.35,2.2140,2.0000,2.5000,0.27546,0.25,0.30,FuuA,2823.06531,33.15225,282.30653,He3,pi+
173,11,0.182,0.00,0.25,0.60138,0.324,0.30,0.35,2.2115,2.0000,2.5000,0.32502,0.30,0.35,FuuA,2374.66502,35.69934,237.46650,He3,pi+
174,11,0.181,0.00,0.25,0.60501,0.324,0.30,0.35,2.2085,2.0000,2.5000,0.37387,0.35,0.40,FuuA,1955.33999,37.91509,195.53400,He3,pi+
175,11,0.181,0.00,0.25,0.60380,0.324,0.30,0.35,2.2056,2.0000,2.5000,0.42365,0.40,0.45,FuuA,1567.06244,41.73406,156.70624,He3,pi+
176,11,0.183,0.00,0.25,0.59927,0.324,0.30,0.35,2.2052,2.0000,2.5000,0.47312,0.45,0.50,FuuA,1225.63681,47.12170,122.56368,He3,pi+
177,11,0.185,0.00,0.25,0.59290,0.324,0.30,0.35,2.2045,2.0000,2.5000,0.52388,0.50,0.55,FuuA,928.77857,49.79866,92.87786,He3,pi+
178,11,0.186,0.00,0.25,0.58982,0.324,0.30,0.35,2.2053,2.0000,2.5000,0.57470,0.55,0.60,FuuA,680.06987,55.55285,68.00699,He3,pi+
179,11,0.184,0.00,0.25,0.59530,0.325,0.30,0.35,2.2116,2.0000,2.5000,0.64452,0.60,0.70,FuuA,421.58041,47.68255,42.15804,He3,pi+
180,11,0.178,0.00,0.25,0.61566,0.328,0.30,0.35,2.2210,2.0000,2.5000,0.73463,0.70,0.80,FuuA,203.69312,92.60445,20.36931,He3,pi+
181,11,0.167,0.00,0.25,0.65168,0.332,0.30,0.35,2.2257,2.0000,2.5000,0.81570,0.80,1.60,FuuA,99.16140,154.99574,9.91614,He3,pi+
182,11,0.211,0.00,0.25,0.51267,0.373,0.35,0.40,2.2128,2.0000,2.5000,0.06571,0.00,0.10,FuuA,3026.49243,47.84938,302.64924,He3,pi+
183,11,0.204,0.00,0.25,0.53355,0.374,0.35,0.40,2.2163,2.0000,2.5000,0.12531,0.10,0.15,FuuA,2800.77941,45.24382,280.07794,He3,pi+
184,11,0.197,0.00,0.25,0.55549,0.374,0.35,0.40,2.2173,2.0000,2.5000,0.17513,0.15,0.20,FuuA,2550.90403,40.41559,255.09040,He3,pi+
185,11,0.191,0.00,0.25,0.57211,0.374,0.35,0.40,2.2165,2.0000,2.5000,0.22501,0.20,0.25,FuuA,2280.49865,39.08850,228.04987,He3,pi+
186,11,0.187,0.00,0.25,0.58443,0.374,0.35,0.40,2.2155,2.0000,2.5000,0.27407,0.25,0.30,FuuA,1998.01693,39.06844,199.80169,He3,pi+
187,11,0.184,0.00,0.25,0.59444,0.374,0.35,0.40,2.2137,2.0000,2.5000,0.32419,0.30,0.35,FuuA,1706.50191,39.02017,170.65019,He3,pi+
188,11,0.182,0.00,0.25,0.60113,0.374,0.35,0.40,2.2112,2.0000,2.5000,0.37540,0.35,0.40,FuuA,1418.98771,41.51118,141.89877,He3,pi+
189,11,0.181,0.00,0.25,0.60434,0.374,0.35,0.40,2.2088,2.0000,2.5000,0.42496,0.40,0.45,FuuA,1159.59518,46.44840,115.95952,He3,pi+
190,11,0.181,0.00,0.25,0.60391,0.374,0.35,0.40,2.2063,2.0000,2.5000,0.47456,0.45,0.50,FuuA,927.66454,49.73989,92.76645,He3,pi+
191,11,0.182,0.00,0.25,0.60019,0.374,0.35,0.40,2.2052,2.0000,2.5000,0.52575,0.50,0.55,FuuA,719.38858,56.20821,71.93886,He3,pi+
192,11,0.184,0.00,0.25,0.59545,0.374,0.35,0.40,2.2049,2.0000,2.5000,0.57563,0.55,0.60,FuuA,547.99259,64.32559,54.79926,He3,pi+
193,11,0.186,0.00,0.25,0.58942,0.374,0.35,0.40,2.2046,2.0000,2.5000,0.64564,0.60,0.70,FuuA,361.82145,52.29326,36.18215,He3,pi+
194,11,0.184,0.00,0.25,0.59485,0.376,0.35,0.40,2.2120,2.0000,2.5000,0.74393,0.70,0.80,FuuA,181.68349,64.61238,18.16835,He3,pi+
195,11,0.176,0.00,0.25,0.62340,0.379,0.35,0.40,2.2217,2.0000,2.5000,0.86599,0.80,1.60,FuuA,68.29451,111.39992,6.82945,He3,pi+
196,11,0.212,0.00,0.25,0.51105,0.423,0.40,0.45,2.2119,2.0000,2.5000,0.06768,0.00,0.10,FuuA,2072.10049,55.83132,207.21005,He3,pi+
197,11,0.207,0.00,0.25,0.52703,0.424,0.40,0.45,2.2157,2.0000,2.5000,0.12627,0.10,0.15,FuuA,1935.93681,55.46444,193.59368,He3,pi+
198,11,0.200,0.00,0.25,0.54610,0.424,0.40,0.45,2.2166,2.0000,2.5000,0.17446,0.15,0.20,FuuA,1784.35686,47.73512,178.43569,He3,pi+
199,11,0.194,0.00,0.25,0.56358,0.424,0.40,0.45,2.2167,2.0000,2.5000,0.22548,0.20,0.25,FuuA,1606.37669,44.90164,160.63767,He3,pi+
200,11,0.190,0.00,0.25,0.57653,0.424,0.40,0.45,2.2161,2.0000,2.5000,0.27476,0.25,0.30,FuuA,1424.74124,46.00162,142.47412,He3,pi+
201,11,0.187,0.00,0.25,0.58659,0.424,0.40,0.45,2.2147,2.0000,2.5000,0.32352,0.30,0.35,FuuA,1241.49371,45.15042,124.14937,He3,pi+
202,11,0.184,0.00,0.25,0.59467,0.424,0.40,0.45,2.2128,2.0000,2.5000,0.37372,0.35,0.40,FuuA,1055.10319,47.03727,105.51032,He3,pi+
203,11,0.182,0.00,0.25,0.60059,0.424,0.40,0.45,2.2112,2.0000,2.5000,0.42417,0.40,0.45,FuuA,877.08710,49.73955,87.70871,He3,pi+
204,11,0.181,0.00,0.25,0.60335,0.424,0.40,0.45,2.2085,2.0000,2.5000,0.47379,0.45,0.50,FuuA,717.05821,55.46139,71.70582,He3,pi+
205,11,0.181,0.00,0.25,0.60365,0.424,0.40,0.45,2.2062,2.0000,2.5000,0.52323,0.50,0.55,FuuA,575.25731,59.72870,57.52573,He3,pi+
206,11,0.182,0.00,0.25,0.60150,0.424,0.40,0.45,2.2046,2.0000,2.5000,0.57218,0.55,0.60,FuuA,453.18165,69.83709,45.31817,He3,pi+
207,11,0.184,0.00,0.25,0.59546,0.424,0.40,0.45,2.2046,2.0000,2.5000,0.64349,0.60,0.70,FuuA,311.04610,55.84920,31.10461,He3,pi+
208,11,0.186,0.00,0.25,0.58834,0.424,0.40,0.45,2.2040,2.0000,2.5000,0.74366,0.70,0.80,FuuA,168.33208,70.43705,16.83321,He3,pi+
209,11,0.182,0.00,0.25,0.60248,0.426,0.40,0.45,2.2153,2.0000,2.5000,0.87707,0.80,1.60,FuuA,68.55664,76.67004,6.85566,He3,pi+
210,11,0.213,0.00,0.25,0.50878,0.474,0.45,0.50,2.2106,2.0000,2.5000,0.06410,0.00,0.10,FuuA,1435.65945,70.62526,143.56594,He3,pi+
211,11,0.208,0.00,0.25,0.52211,0.474,0.45,0.50,2.2150,2.0000,2.5000,0.12624,0.10,0.15,FuuA,1347.52280,60.14987,134.75228,He3,pi+
212,11,0.203,0.00,0.25,0.53857,0.474,0.45,0.50,2.2161,2.0000,2.5000,0.17526,0.15,0.20,FuuA,1251.31871,60.06586,125.13187,He3,pi+
213,11,0.197,0.00,0.25,0.55539,0.474,0.45,0.50,2.2163,2.0000,2.5000,0.22425,0.20,0.25,FuuA,1141.72750,51.70811,114.17275,He3,pi+
214,11,0.192,0.00,0.25,0.56942,0.474,0.45,0.50,2.2160,2.0000,2.5000,0.27610,0.25,0.30,FuuA,1018.33838,51.83667,101.83384,He3,pi+
215,11,0.189,0.00,0.25,0.57995,0.474,0.45,0.50,2.2151,2.0000,2.5000,0.32617,0.30,0.35,FuuA,895.83651,52.29367,89.58365,He3,pi+
216,11,0.186,0.00,0.25,0.58845,0.474,0.45,0.50,2.2140,2.0000,2.5000,0.37423,0.35,0.40,FuuA,778.26875,55.64965,77.82688,He3,pi+
217,11,0.184,0.00,0.25,0.59497,0.474,0.45,0.50,2.2128,2.0000,2.5000,0.42275,0.40,0.45,FuuA,663.62838,55.48127,66.36284,He3,pi+
218,11,0.182,0.00,0.25,0.60001,0.474,0.45,0.50,2.2106,2.0000,2.5000,0.47255,0.45,0.50,FuuA,553.47588,60.47004,55.34759,He3,pi+
219,11,0.182,0.00,0.25,0.60275,0.474,0.45,0.50,2.2083,2.0000,2.5000,0.52227,0.50,0.55,FuuA,453.68674,64.32735,45.36867,He3,pi+
220,11,0.181,0.00,0.25,0.60353,0.474,0.45,0.50,2.2062,2.0000,2.5000,0.57366,0.55,0.60,FuuA,362.13124,70.53775,36.21312,He3,pi+
221,11,0.182,0.00,0.25,0.60026,0.475,0.45,0.50,2.2047,2.0000,2.5000,0.64817,0.60,0.70,FuuA,253.92439,59.64941,25.39244,He3,pi+
222,11,0.185,0.00,0.25,0.59269,0.474,0.45,0.50,2.2043,2.0000,2.5000,0.74600,0.70,0.80,FuuA,148.10214,80.25482,14.81021,He3,pi+
223,11,0.183,0.00,0.25,0.59950,0.475,0.45,0.50,2.2102,2.0000,2.5000,0.89995,0.80,1.60,FuuA,60.41004,70.33426,6.04100,He3,pi+
224,11,0.213,0.00,0.25,0.50822,0.524,0.50,0.55,2.2104,2.0000,2.5000,0.06876,0.00,0.10,FuuA,1002.13485,79.03821,100.21349,He3,pi+
225,11,0.209,0.00,0.25,0.51855,0.524,0.50,0.55,2.2137,2.0000,2.5000,0.12715,0.10,0.15,FuuA,950.60534,78.94559,95.06053,He3,pi+
226,11,0.205,0.00,0.25,0.53286,0.524,0.50,0.55,2.2150,2.0000,2.5000,0.17641,0.15,0.20,FuuA,888.57934,64.13809,88.85793,He3,pi+
227,11,0.199,0.00,0.25,0.54896,0.524,0.50,0.55,2.2158,2.0000,2.5000,0.22636,0.20,0.25,FuuA,815.78073,64.47168,81.57807,He3,pi+
228,11,0.194,0.00,0.25,0.56275,0.524,0.50,0.55,2.2160,2.0000,2.5000,0.27592,0.25,0.30,FuuA,738.33554,59.32234,73.83355,He3,pi+
229,11,0.191,0.00,0.25,0.57402,0.524,0.50,0.55,2.2155,2.0000,2.5000,0.32760,0.30,0.35,FuuA,654.88708,59.33541,65.48871,He3,pi+
230,11,0.188,0.00,0.25,0.58261,0.524,0.50,0.55,2.2143,2.0000,2.5000,0.37548,0.35,0.40,FuuA,577.19816,64.68807,57.71982,He3,pi+
231,11,0.185,0.00,0.25,0.59006,0.524,0.50,0.55,2.2130,2.0000,2.5000,0.42545,0.40,0.45,FuuA,497.92894,59.73343,49.79289,He3,pi+
232,11,0.184,0.00,0.25,0.59598,0.524,0.50,0.55,2.2122,2.0000,2.5000,0.47538,0.45,0.50,FuuA,422.10363,71.24590,42.21036,He3,pi+
233,11,0.182,0.00,0.25,0.60004,0.524,0.50,0.55,2.2104,2.0000,2.5000,0.52232,0.50,0.55,FuuA,356.27491,70.51510,35.62749,He3,pi+
234,11,0.182,0.00,0.25,0.60263,0.524,0.50,0.55,2.2083,2.0000,2.5000,0.57043,0.55,0.60,FuuA,295.02518,80.49755,29.50252,He3,pi+
235,11,0.182,0.00,0.25,0.60296,0.525,0.50,0.55,2.2059,2.0000,2.5000,0.64465,0.60,0.70,FuuA,215.02771,60.32107,21.50277,He3,pi+
236,11,0.183,0.00,0.25,0.59843,0.525,0.50,0.55,2.2046,2.0000,2.5000,0.75241,0.70,0.80,FuuA,126.43248,79.21347,12.64325,He3,pi+
237,11,0.179,0.00,0.25,0.60896,0.525,0.50,0.55,2.2096,2.0000,2.5000,0.93038,0.80,1.60,FuuA,49.33243,74.74759,4.93324,He3,pi+
238,11,0.213,0.00,0.25,0.50717,0.574,0.55,0.60,2.2091,2.0000,2.5000,0.07027,0.00,0.10,FuuA,711.70868,91.64875,71.17087,He3,pi+
239,11,0.210,0.00,0.25,0.51652,0.574,0.55,0.60,2.2125,2.0000,2.5000,0.12979,0.10,0.15,FuuA,677.31220,91.69351,67.73122,He3,pi+
240,11,0.206,0.00,0.25,0.52812,0.574,0.55,0.60,2.2148,2.0000,2.5000,0.17705,0.15,0.20,FuuA,638.51602,78.45716,63.85160,He3,pi+
241,11,0.201,0.00,0.25,0.54290,0.574,0.55,0.60,2.2153,2.0000,2.5000,0.22778,0.20,0.25,FuuA,590.27389,71.20335,59.02739,He3,pi+
242,11,0.196,0.00,0.25,0.55736,0.574,0.55,0.60,2.2155,2.0000,2.5000,0.27841,0.25,0.30,FuuA,537.50113,70.61105,53.75011,He3,pi+
243,11,0.192,0.00,0.25,0.56823,0.574,0.55,0.60,2.2152,2.0000,2.5000,0.32658,0.30,0.35,FuuA,485.76049,71.25162,48.57605,He3,pi+
244,11,0.190,0.00,0.25,0.57706,0.574,0.55,0.60,2.2147,2.0000,2.5000,0.37456,0.35,0.40,FuuA,433.47336,70.45213,43.34734,He3,pi+
245,11,0.187,0.00,0.25,0.58438,0.574,0.55,0.60,2.2140,2.0000,2.5000,0.42414,0.40,0.45,FuuA,379.82709,70.82821,37.98271,He3,pi+
246,11,0.185,0.00,0.25,0.59119,0.574,0.55,0.60,2.2124,2.0000,2.5000,0.47694,0.45,0.50,FuuA,324.96608,70.76721,32.49661,He3,pi+
247,11,0.183,0.00,0.25,0.59679,0.574,0.55,0.60,2.2115,2.0000,2.5000,0.52941,0.50,0.55,FuuA,273.33653,79.03281,27.33365,He3,pi+
248,11,0.182,0.00,0.25,0.60030,0.574,0.55,0.60,2.2102,2.0000,2.5000,0.57553,0.55,0.60,FuuA,231.75347,90.97650,23.17535,He3,pi+
249,11,0.181,0.00,0.25,0.60345,0.574,0.55,0.60,2.2074,2.0000,2.5000,0.64725,0.60,0.70,FuuA,175.71180,65.14521,17.57118,He3,pi+
250,11,0.181,0.00,0.25,0.60470,0.575,0.55,0.60,2.2058,2.0000,2.5000,0.74208,0.70,0.80,FuuA,115.28816,92.24609,11.52882,He3,pi+
251,11,0.176,0.00,0.25,0.62004,0.575,0.55,0.60,2.2081,2.0000,2.5000,0.91830,0.80,1.60,FuuA,51.45584,72.51932,5.14558,He3,pi+
