i,Ebeam,x,xl,xr,y,z,zl,zr,Q2,Q2l,Q2r,pT,pTl,pTr,obs,value,stat,syst,target,hadron
0,11,0.267,0.25,0.50,0.41299,0.323,0.30,0.35,1.8157,1.5000,2.0000,0.05598,0.00,0.10,FuuA,5824.57861,123.43980,582.45786,He3,pi+
1,11,0.269,0.25,0.50,0.40764,0.324,0.30,0.35,1.8069,1.5000,2.0000,0.12409,0.10,0.15,FuuA,5461.69056,87.14712,546.16906,He3,pi+
2,11,0.269,0.25,0.50,0.40789,0.324,0.30,0.35,1.8092,1.5000,2.0000,0.18682,0.15,0.20,FuuA,4877.88680,123.82920,487.78868,He3,pi+
3,11,0.269,0.25,0.50,0.40816,0.324,0.30,0.35,1.8095,1.5000,2.0000,0.23664,0.20,0.25,FuuA,4330.94318,125.77620,433.09432,He3,pi+
4,11,0.269,0.25,0.50,0.40813,0.324,0.30,0.35,1.8083,1.5000,2.0000,0.29416,0.25,0.30,FuuA,3655.32954,122.66100,365.53295,He3,pi+
5,11,0.268,0.25,0.50,0.40773,0.324,0.30,0.35,1.8060,1.5000,2.0000,0.36262,0.35,0.40,FuuA,2849.79765,120.71400,284.97976,He3,pi+
6,11,0.268,0.25,0.50,0.40641,0.323,0.30,0.35,1.7991,1.5000,2.0000,0.43838,0.40,0.45,FuuA,2053.44381,123.82920,205.34438,He3,pi+
7,11,0.269,0.25,0.50,0.40958,0.326,0.30,0.35,1.8165,1.5000,2.0000,0.51474,0.50,0.55,FuuA,1312.17822,126.16560,131.21782,He3,pi+
8,11,0.267,0.25,0.50,0.42549,0.335,0.30,0.35,1.8745,1.5000,2.0000,0.59247,0.55,1.60,FuuA,723.17877,319.69740,72.31788,He3,pi+
9,11,0.267,0.25,0.50,0.41261,0.373,0.35,0.40,1.8145,1.5000,2.0000,0.06971,0.00,0.10,FuuA,3911.29954,123.05040,391.12995,He3,pi+
10,11,0.268,0.25,0.50,0.40797,0.374,0.35,0.40,1.8060,1.5000,2.0000,0.13167,0.10,0.15,FuuA,3710.11505,119.93520,371.01151,He3,pi+
11,11,0.269,0.25,0.50,0.40674,0.374,0.35,0.40,1.8061,1.5000,2.0000,0.18390,0.15,0.20,FuuA,3393.12664,119.15640,339.31266,He3,pi+
12,11,0.269,0.25,0.50,0.40761,0.374,0.35,0.40,1.8070,1.5000,2.0000,0.24775,0.20,0.25,FuuA,2955.09053,120.71400,295.50905,He3,pi+
13,11,0.269,0.25,0.50,0.40746,0.374,0.35,0.40,1.8054,1.5000,2.0000,0.32275,0.30,0.35,FuuA,2391.35117,123.43980,239.13512,He3,pi+
14,11,0.268,0.25,0.50,0.40748,0.374,0.35,0.40,1.8048,1.5000,2.0000,0.41266,0.40,0.45,FuuA,1714.80834,123.05040,171.48083,He3,pi+
15,11,0.268,0.25,0.50,0.40634,0.374,0.35,0.40,1.7994,1.5000,2.0000,0.52142,0.50,0.55,FuuA,1038.15187,123.82920,103.81519,He3,pi+
16,11,0.265,0.25,0.50,0.42223,0.377,0.35,0.40,1.8476,1.5000,2.0000,0.61823,0.55,1.60,FuuA,550.55489,202.48800,55.05549,He3,pi+
17,11,0.267,0.25,0.50,0.41217,0.423,0.40,0.45,1.8137,1.5000,2.0000,0.08569,0.00,0.10,FuuA,2666.83805,122.27160,266.68380,He3,pi+
18,11,0.268,0.25,0.50,0.40750,0.424,0.40,0.45,1.8046,1.5000,2.0000,0.16060,0.15,0.20,FuuA,2480.34434,123.82920,248.03443,He3,pi+
19,11,0.269,0.25,0.50,0.40678,0.424,0.40,0.45,1.8058,1.5000,2.0000,0.22424,0.20,0.25,FuuA,2209.10995,125.38680,220.91099,He3,pi+
20,11,0.269,0.25,0.50,0.40758,0.424,0.40,0.45,1.8064,1.5000,2.0000,0.30776,0.30,0.35,FuuA,1809.94798,121.49280,180.99480,He3,pi+
21,11,0.269,0.25,0.50,0.40760,0.424,0.40,0.45,1.8056,1.5000,2.0000,0.41965,0.40,0.45,FuuA,1258.06007,121.49280,125.80601,He3,pi+
22,11,0.266,0.25,0.50,0.41527,0.423,0.40,0.45,1.8224,1.5000,2.0000,0.56883,0.55,1.60,FuuA,635.99030,133.56420,63.59903,He3,pi+
23,11,0.267,0.25,0.50,0.41173,0.473,0.45,0.50,1.8128,1.5000,2.0000,0.10454,0.10,0.15,FuuA,1828.84522,121.10340,182.88452,He3,pi+
24,11,0.269,0.25,0.50,0.40687,0.474,0.45,0.50,1.8031,1.5000,2.0000,0.19706,0.15,0.20,FuuA,1653.75562,124.99740,165.37556,He3,pi+
25,11,0.269,0.25,0.50,0.40695,0.474,0.45,0.50,1.8054,1.5000,2.0000,0.28804,0.25,0.30,FuuA,1378.76380,122.27160,137.87638,He3,pi+
26,11,0.269,0.25,0.50,0.40734,0.474,0.45,0.50,1.8046,1.5000,2.0000,0.41777,0.40,0.45,FuuA,957.58800,123.05040,95.75880,He3,pi+
27,11,0.264,0.25,0.50,0.42322,0.472,0.45,0.50,1.8441,1.5000,2.0000,0.56763,0.55,1.60,FuuA,504.73367,187.30140,50.47337,He3,pi+
28,11,0.267,0.25,0.50,0.41123,0.523,0.50,0.55,1.8112,1.5000,2.0000,0.12531,0.10,0.15,FuuA,1273.38415,122.66100,127.33841,He3,pi+
29,11,0.269,0.25,0.50,0.40679,0.524,0.50,0.55,1.8036,1.5000,2.0000,0.24248,0.20,0.25,FuuA,1099.41932,123.82920,109.94193,He3,pi+
30,11,0.268,0.25,0.50,0.40869,0.524,0.50,0.55,1.8085,1.5000,2.0000,0.37569,0.35,0.40,FuuA,815.62369,124.99740,81.56237,He3,pi+
31,11,0.263,0.25,0.50,0.43025,0.521,0.50,0.55,1.8643,1.5000,2.0000,0.53335,0.50,0.55,FuuA,455.72389,231.30360,45.57239,He3,pi+
32,11,0.267,0.25,0.50,0.41111,0.574,0.55,0.60,1.8112,1.5000,2.0000,0.14717,0.10,0.15,FuuA,895.99233,124.21860,89.59923,He3,pi+
33,11,0.267,0.25,0.50,0.41289,0.572,0.55,0.60,1.8191,1.5000,2.0000,0.30855,0.30,0.35,FuuA,706.37175,123.43980,70.63717,He3,pi+
34,11,0.260,0.25,0.50,0.44082,0.569,0.55,0.60,1.8905,1.5000,2.0000,0.49143,0.45,0.50,FuuA,404.13699,329.82180,40.41370,He3,pi+
35,11,0.285,0.25,0.50,0.47853,0.323,0.30,0.35,2.2410,2.0000,2.5000,0.06327,0.00,0.10,FuuA,3375.22327,79.62551,337.52233,He3,pi+
36,11,0.290,0.25,0.50,0.46975,0.324,0.30,0.35,2.2403,2.0000,2.5000,0.12749,0.10,0.15,FuuA,3131.30542,79.01171,313.13054,He3,pi+
37,11,0.291,0.25,0.50,0.46880,0.324,0.30,0.35,2.2429,2.0000,2.5000,0.17384,0.15,0.20,FuuA,2879.13826,111.65311,287.91383,He3,pi+
38,11,0.291,0.25,0.50,0.47014,0.324,0.30,0.35,2.2420,2.0000,2.5000,0.21963,0.20,0.25,FuuA,2607.63572,90.67226,260.76357,He3,pi+
39,11,0.290,0.25,0.50,0.47053,0.324,0.30,0.35,2.2403,2.0000,2.5000,0.27063,0.25,0.30,FuuA,2273.32183,112.97352,227.33218,He3,pi+
40,11,0.290,0.25,0.50,0.47046,0.324,0.30,0.35,2.2400,2.0000,2.5000,0.31653,0.30,0.35,FuuA,1953.84075,111.23114,195.38407,He3,pi+
41,11,0.290,0.25,0.50,0.47047,0.324,0.30,0.35,2.2398,2.0000,2.5000,0.36952,0.35,0.40,FuuA,1594.23885,110.55172,159.42389,He3,pi+
42,11,0.290,0.25,0.50,0.47000,0.324,0.30,0.35,2.2377,2.0000,2.5000,0.43007,0.40,0.45,FuuA,1218.88761,111.65311,121.88876,He3,pi+
43,11,0.290,0.25,0.50,0.46835,0.323,0.30,0.35,2.2327,2.0000,2.5000,0.47975,0.45,0.50,FuuA,952.98236,158.48580,95.29824,He3,pi+
44,11,0.290,0.25,0.50,0.46959,0.324,0.30,0.35,2.2376,2.0000,2.5000,0.53107,0.50,0.55,FuuA,706.89614,111.65311,70.68961,He3,pi+
45,11,0.285,0.25,0.50,0.48328,0.329,0.30,0.35,2.2646,2.0000,2.5000,0.60872,0.55,1.60,FuuA,413.49116,148.40350,41.34912,He3,pi+
46,11,0.284,0.25,0.50,0.47947,0.373,0.35,0.40,2.2408,2.0000,2.5000,0.06799,0.00,0.10,FuuA,2263.22829,90.58516,226.32283,He3,pi+
47,11,0.289,0.25,0.50,0.47285,0.374,0.35,0.40,2.2404,2.0000,2.5000,0.12433,0.10,0.15,FuuA,2138.46662,111.91626,213.84666,He3,pi+
48,11,0.292,0.25,0.50,0.46807,0.374,0.35,0.40,2.2406,2.0000,2.5000,0.17253,0.15,0.20,FuuA,1978.30916,89.98472,197.83092,He3,pi+
49,11,0.291,0.25,0.50,0.46912,0.374,0.35,0.40,2.2410,2.0000,2.5000,0.22649,0.20,0.25,FuuA,1774.51630,112.43669,177.45163,He3,pi+
50,11,0.290,0.25,0.50,0.47008,0.374,0.35,0.40,2.2406,2.0000,2.5000,0.27616,0.25,0.30,FuuA,1567.62211,113.04623,156.76221,He3,pi+
51,11,0.290,0.25,0.50,0.47035,0.374,0.35,0.40,2.2403,2.0000,2.5000,0.33366,0.30,0.35,FuuA,1315.47323,112.33262,131.54732,He3,pi+
52,11,0.290,0.25,0.50,0.47047,0.374,0.35,0.40,2.2400,2.0000,2.5000,0.38234,0.35,0.40,FuuA,1104.65283,163.15860,110.46528,He3,pi+
53,11,0.290,0.25,0.50,0.47027,0.374,0.35,0.40,2.2392,2.0000,2.5000,0.41869,0.40,0.45,FuuA,954.34710,159.65400,95.43471,He3,pi+
54,11,0.290,0.25,0.50,0.47001,0.374,0.35,0.40,2.2382,2.0000,2.5000,0.45993,0.45,0.50,FuuA,796.36861,160.82220,79.63686,He3,pi+
55,11,0.290,0.25,0.50,0.46966,0.374,0.35,0.40,2.2365,2.0000,2.5000,0.50624,0.50,0.55,FuuA,637.41535,160.43280,63.74154,He3,pi+
56,11,0.286,0.25,0.50,0.47777,0.375,0.35,0.40,2.2424,2.0000,2.5000,0.61135,0.55,1.60,FuuA,365.64344,99.62023,36.56434,He3,pi+
57,11,0.283,0.25,0.50,0.48105,0.423,0.40,0.45,2.2410,2.0000,2.5000,0.06564,0.00,0.10,FuuA,1552.88735,113.30520,155.28874,He3,pi+
58,11,0.287,0.25,0.50,0.47471,0.424,0.40,0.45,2.2402,2.0000,2.5000,0.12650,0.10,0.15,FuuA,1469.32051,112.33262,146.93205,He3,pi+
59,11,0.291,0.25,0.50,0.46888,0.424,0.40,0.45,2.2399,2.0000,2.5000,0.17621,0.15,0.20,FuuA,1369.91279,110.27637,136.99128,He3,pi+
60,11,0.292,0.25,0.50,0.46759,0.424,0.40,0.45,2.2415,2.0000,2.5000,0.22876,0.20,0.25,FuuA,1238.51856,111.77476,123.85186,He3,pi+
61,11,0.291,0.25,0.50,0.46920,0.424,0.40,0.45,2.2403,2.0000,2.5000,0.27392,0.25,0.30,FuuA,1121.97773,158.48580,112.19777,He3,pi+
62,11,0.290,0.25,0.50,0.46988,0.424,0.40,0.45,2.2402,2.0000,2.5000,0.32819,0.30,0.35,FuuA,969.32136,110.11314,96.93214,He3,pi+
63,11,0.290,0.25,0.50,0.47012,0.424,0.40,0.45,2.2399,2.0000,2.5000,0.39099,0.35,0.40,FuuA,791.85027,156.53880,79.18503,He3,pi+
64,11,0.290,0.25,0.50,0.46986,0.424,0.40,0.45,2.2389,2.0000,2.5000,0.43859,0.40,0.45,FuuA,663.79817,161.60100,66.37982,He3,pi+
65,11,0.290,0.25,0.50,0.46967,0.424,0.40,0.45,2.2382,2.0000,2.5000,0.49421,0.45,0.50,FuuA,526.25191,156.92820,52.62519,He3,pi+
66,11,0.282,0.25,0.50,0.48330,0.424,0.40,0.45,2.2412,2.0000,2.5000,0.62625,0.55,1.60,FuuA,284.89311,108.12984,28.48931,He3,pi+
67,11,0.282,0.25,0.50,0.48314,0.473,0.45,0.50,2.2398,2.0000,2.5000,0.05538,0.00,0.10,FuuA,1080.33916,159.65400,108.03392,He3,pi+
68,11,0.286,0.25,0.50,0.47702,0.474,0.45,0.50,2.2410,2.0000,2.5000,0.12185,0.10,0.15,FuuA,1023.00851,112.89243,102.30085,He3,pi+
69,11,0.289,0.25,0.50,0.47171,0.474,0.45,0.50,2.2391,2.0000,2.5000,0.17188,0.15,0.20,FuuA,965.27023,158.09640,96.52702,He3,pi+
70,11,0.292,0.25,0.50,0.46783,0.474,0.45,0.50,2.2397,2.0000,2.5000,0.22027,0.20,0.25,FuuA,890.56849,111.92236,89.05685,He3,pi+
71,11,0.292,0.25,0.50,0.46829,0.474,0.45,0.50,2.2411,2.0000,2.5000,0.27351,0.25,0.30,FuuA,799.91192,159.26460,79.99119,He3,pi+
72,11,0.291,0.25,0.50,0.46961,0.474,0.45,0.50,2.2416,2.0000,2.5000,0.31547,0.30,0.35,FuuA,725.45698,157.31760,72.54570,He3,pi+
73,11,0.290,0.25,0.50,0.46989,0.474,0.45,0.50,2.2409,2.0000,2.5000,0.36309,0.35,0.40,FuuA,637.66308,158.48580,63.76631,He3,pi+
74,11,0.290,0.25,0.50,0.47029,0.474,0.45,0.50,2.2403,2.0000,2.5000,0.41734,0.40,0.45,FuuA,538.55221,159.26460,53.85522,He3,pi+
75,11,0.289,0.25,0.50,0.47136,0.474,0.45,0.50,2.2401,2.0000,2.5000,0.48240,0.45,0.50,FuuA,426.90930,157.70700,42.69093,He3,pi+
76,11,0.279,0.25,0.50,0.48958,0.473,0.45,0.50,2.2454,2.0000,2.5000,0.62172,0.55,1.60,FuuA,239.41495,126.17508,23.94150,He3,pi+
77,11,0.282,0.25,0.50,0.48276,0.524,0.50,0.55,2.2400,2.0000,2.5000,0.06739,0.00,0.10,FuuA,750.24590,158.09640,75.02459,He3,pi+
78,11,0.286,0.25,0.50,0.47762,0.524,0.50,0.55,2.2411,2.0000,2.5000,0.12715,0.10,0.15,FuuA,716.50860,159.26460,71.65086,He3,pi+
79,11,0.288,0.25,0.50,0.47364,0.524,0.50,0.55,2.2393,2.0000,2.5000,0.17169,0.15,0.20,FuuA,683.55786,157.70700,68.35579,He3,pi+
80,11,0.290,0.25,0.50,0.46941,0.524,0.50,0.55,2.2391,2.0000,2.5000,0.21352,0.20,0.25,FuuA,644.26148,157.31760,64.42615,He3,pi+
81,11,0.292,0.25,0.50,0.46732,0.524,0.50,0.55,2.2395,2.0000,2.5000,0.25534,0.25,0.30,FuuA,598.93885,161.99040,59.89389,He3,pi+
82,11,0.292,0.25,0.50,0.46778,0.524,0.50,0.55,2.2399,2.0000,2.5000,0.30168,0.30,0.35,FuuA,545.51834,159.26460,54.55183,He3,pi+
83,11,0.291,0.25,0.50,0.46971,0.524,0.50,0.55,2.2401,2.0000,2.5000,0.35696,0.35,0.40,FuuA,479.26864,158.87520,47.92686,He3,pi+
84,11,0.289,0.25,0.50,0.47251,0.524,0.50,0.55,2.2397,2.0000,2.5000,0.42386,0.40,0.45,FuuA,399.63595,158.87520,39.96360,He3,pi+
85,11,0.282,0.25,0.50,0.48307,0.523,0.50,0.55,2.2419,2.0000,2.5000,0.51696,0.50,0.55,FuuA,293.22621,158.48580,29.32262,He3,pi+
86,11,0.271,0.25,0.50,0.50606,0.523,0.50,0.55,2.2576,2.0000,2.5000,0.65787,0.55,1.60,FuuA,160.05619,209.88660,16.00562,He3,pi+
87,11,0.282,0.25,0.50,0.48243,0.574,0.55,0.60,2.2394,2.0000,2.5000,0.07902,0.00,0.10,FuuA,529.45024,159.26460,52.94502,He3,pi+
88,11,0.286,0.25,0.50,0.47686,0.574,0.55,0.60,2.2409,2.0000,2.5000,0.15103,0.15,0.20,FuuA,499.66791,159.65400,49.96679,He3,pi+
89,11,0.289,0.25,0.50,0.47250,0.574,0.55,0.60,2.2388,2.0000,2.5000,0.20599,0.20,0.25,FuuA,470.29382,160.82220,47.02938,He3,pi+
90,11,0.290,0.25,0.50,0.46949,0.574,0.55,0.60,2.2383,2.0000,2.5000,0.25981,0.25,0.30,FuuA,434.53727,158.87520,43.45373,He3,pi+
91,11,0.288,0.25,0.50,0.47287,0.573,0.55,0.60,2.2406,2.0000,2.5000,0.32193,0.30,0.35,FuuA,387.38645,160.43280,38.73864,He3,pi+
92,11,0.283,0.25,0.50,0.48222,0.573,0.55,0.60,2.2420,2.0000,2.5000,0.40715,0.40,0.45,FuuA,318.42267,158.09640,31.84227,He3,pi+
93,11,0.272,0.25,0.50,0.50233,0.572,0.55,0.60,2.2538,2.0000,2.5000,0.55375,0.55,1.60,FuuA,201.36188,167.05260,20.13619,He3,pi+
94,11,0.319,0.25,0.50,0.51863,0.323,0.30,0.35,2.7114,2.5000,3.0000,0.07609,0.00,0.10,FuuA,1997.64434,112.61607,199.76443,He3,pi+
95,11,0.325,0.25,0.50,0.50901,0.324,0.30,0.35,2.7039,2.5000,3.0000,0.13629,0.10,0.15,FuuA,1853.72034,156.92820,185.37203,He3,pi+
96,11,0.327,0.25,0.50,0.50628,0.324,0.30,0.35,2.7043,2.5000,3.0000,0.17505,0.15,0.20,FuuA,1723.55826,157.31760,172.35583,He3,pi+
97,11,0.325,0.25,0.50,0.50901,0.324,0.30,0.35,2.7067,2.5000,3.0000,0.21918,0.20,0.25,FuuA,1564.11665,159.26460,156.41166,He3,pi+
98,11,0.325,0.25,0.50,0.50946,0.324,0.30,0.35,2.7069,2.5000,3.0000,0.27127,0.25,0.30,FuuA,1354.50319,154.59180,135.45032,He3,pi+
99,11,0.325,0.25,0.50,0.50959,0.324,0.30,0.35,2.7065,2.5000,3.0000,0.33199,0.30,0.35,FuuA,1103.89880,160.04340,110.38988,He3,pi+
100,11,0.325,0.25,0.50,0.50969,0.324,0.30,0.35,2.7056,2.5000,3.0000,0.39982,0.35,0.40,FuuA,835.48682,165.10560,83.54868,He3,pi+
101,11,0.325,0.25,0.50,0.50799,0.323,0.30,0.35,2.7017,2.5000,3.0000,0.48211,0.45,0.50,FuuA,558.47509,161.60100,55.84751,He3,pi+
102,11,0.320,0.25,0.50,0.51745,0.326,0.30,0.35,2.7135,2.5000,3.0000,0.59259,0.55,1.60,FuuA,285.54294,158.37903,28.55429,He3,pi+
103,11,0.317,0.25,0.50,0.52218,0.373,0.35,0.40,2.7130,2.5000,3.0000,0.06555,0.00,0.10,FuuA,1355.02850,158.48580,135.50285,He3,pi+
104,11,0.322,0.25,0.50,0.51525,0.374,0.35,0.40,2.7104,2.5000,3.0000,0.12456,0.10,0.15,FuuA,1271.46191,157.70700,127.14619,He3,pi+
105,11,0.326,0.25,0.50,0.50673,0.374,0.35,0.40,2.7030,2.5000,3.0000,0.17319,0.15,0.20,FuuA,1179.92771,157.70700,117.99277,He3,pi+
106,11,0.327,0.25,0.50,0.50661,0.374,0.35,0.40,2.7049,2.5000,3.0000,0.22492,0.20,0.25,FuuA,1058.71058,161.99040,105.87106,He3,pi+
107,11,0.325,0.25,0.50,0.50865,0.374,0.35,0.40,2.7052,2.5000,3.0000,0.28694,0.25,0.30,FuuA,904.42718,158.87520,90.44272,He3,pi+
108,11,0.325,0.25,0.50,0.50940,0.374,0.35,0.40,2.7047,2.5000,3.0000,0.36564,0.35,0.40,FuuA,699.54001,157.31760,69.95400,He3,pi+
109,11,0.325,0.25,0.50,0.50902,0.374,0.35,0.40,2.7041,2.5000,3.0000,0.46850,0.45,0.50,FuuA,454.44219,159.26460,45.44422,He3,pi+
110,11,0.317,0.25,0.50,0.52228,0.374,0.35,0.40,2.7111,2.5000,3.0000,0.62409,0.55,1.60,FuuA,193.59840,163.15860,19.35984,He3,pi+
111,11,0.317,0.25,0.50,0.52247,0.423,0.40,0.45,2.7148,2.5000,3.0000,0.08008,0.00,0.10,FuuA,909.69382,159.26460,90.96938,He3,pi+
112,11,0.322,0.25,0.50,0.51346,0.424,0.40,0.45,2.7083,2.5000,3.0000,0.15341,0.15,0.20,FuuA,839.39260,159.26460,83.93926,He3,pi+
113,11,0.327,0.25,0.50,0.50525,0.424,0.40,0.45,2.7022,2.5000,3.0000,0.21721,0.20,0.25,FuuA,753.86984,158.48580,75.38698,He3,pi+
114,11,0.326,0.25,0.50,0.50749,0.424,0.40,0.45,2.7054,2.5000,3.0000,0.29311,0.25,0.30,FuuA,631.47141,158.48580,63.14714,He3,pi+
115,11,0.325,0.25,0.50,0.50909,0.424,0.40,0.45,2.7067,2.5000,3.0000,0.39370,0.35,0.40,FuuA,463.29035,158.48580,46.32904,He3,pi+
116,11,0.322,0.25,0.50,0.51370,0.424,0.40,0.45,2.7055,2.5000,3.0000,0.53994,0.50,0.55,FuuA,252.68714,161.99040,25.26871,He3,pi+
117,11,0.300,0.25,0.50,0.55435,0.424,0.40,0.45,2.7388,2.5000,3.0000,0.73444,0.55,1.60,FuuA,82.39704,306.06840,8.23970,He3,pi+
118,11,0.317,0.25,0.50,0.52209,0.474,0.45,0.50,2.7142,2.5000,3.0000,0.09620,0.00,0.10,FuuA,616.86244,160.04340,61.68624,He3,pi+
119,11,0.324,0.25,0.50,0.51111,0.474,0.45,0.50,2.7058,2.5000,3.0000,0.18846,0.15,0.20,FuuA,553.96558,157.31760,55.39656,He3,pi+
120,11,0.327,0.25,0.50,0.50555,0.474,0.45,0.50,2.7032,2.5000,3.0000,0.27698,0.25,0.30,FuuA,467.84406,159.26460,46.78441,He3,pi+
121,11,0.325,0.25,0.50,0.50906,0.474,0.45,0.50,2.7054,2.5000,3.0000,0.39703,0.35,0.40,FuuA,338.58380,156.92820,33.85838,He3,pi+
122,11,0.312,0.25,0.50,0.53226,0.474,0.45,0.50,2.7199,2.5000,3.0000,0.59703,0.55,1.60,FuuA,153.45758,176.00880,15.34576,He3,pi+
123,11,0.318,0.25,0.50,0.52151,0.524,0.50,0.55,2.7144,2.5000,3.0000,0.11656,0.10,0.15,FuuA,423.09629,159.65400,42.30963,He3,pi+
124,11,0.325,0.25,0.50,0.50804,0.524,0.50,0.55,2.7025,2.5000,3.0000,0.23496,0.20,0.25,FuuA,364.81364,157.70700,36.48136,He3,pi+
125,11,0.325,0.25,0.50,0.50860,0.524,0.50,0.55,2.7044,2.5000,3.0000,0.36715,0.35,0.40,FuuA,274.08762,157.70700,27.40876,He3,pi+
126,11,0.307,0.25,0.50,0.54101,0.523,0.50,0.55,2.7256,2.5000,3.0000,0.57872,0.55,1.60,FuuA,134.48068,200.54100,13.44807,He3,pi+
127,11,0.318,0.25,0.50,0.52055,0.574,0.55,0.60,2.7130,2.5000,3.0000,0.14183,0.10,0.15,FuuA,293.26631,158.87520,29.32663,He3,pi+
128,11,0.322,0.25,0.50,0.51316,0.573,0.55,0.60,2.7035,2.5000,3.0000,0.29995,0.25,0.30,FuuA,236.77290,160.04340,23.67729,He3,pi+
129,11,0.303,0.25,0.50,0.54828,0.573,0.55,0.60,2.7331,2.5000,3.0000,0.52497,0.50,0.55,FuuA,129.93734,207.93960,12.99373,He3,pi+
