i,Ebeam,x,xl,xr,y,z,zl,zr,Q2,Q2l,Q2r,pT,pTl,pTr,obs,value,stat,syst,target,hadron
0,11,0.137,0.00,0.25,0.48868,0.326,0.30,0.35,1.3618,1.0000,1.5000,0.06993,0.00,0.10,FuuA,3336.80506,115.21815,500.52076,He3,K+
1,11,0.123,0.00,0.25,0.52976,0.326,0.30,0.35,1.3187,1.0000,1.5000,0.12753,0.10,0.15,FuuA,3105.92946,92.46847,465.88942,He3,K+
2,11,0.114,0.00,0.25,0.56280,0.326,0.30,0.35,1.2921,1.0000,1.5000,0.17582,0.15,0.20,FuuA,2816.35919,70.07423,422.45388,He3,K+
3,11,0.106,0.00,0.25,0.59534,0.326,0.30,0.35,1.2727,1.0000,1.5000,0.22585,0.20,0.25,FuuA,2464.88770,58.16942,369.73315,He3,K+
4,11,0.100,0.00,0.25,0.62601,0.326,0.30,0.35,1.2582,1.0000,1.5000,0.27584,0.25,0.30,FuuA,2095.53341,52.22272,314.33001,He3,K+
5,11,0.096,0.00,0.25,0.65106,0.326,0.30,0.35,1.2472,1.0000,1.5000,0.32564,0.30,0.35,FuuA,1742.75307,48.92406,261.41296,He3,K+
6,11,0.093,0.00,0.25,0.66888,0.326,0.30,0.35,1.2404,1.0000,1.5000,0.37534,0.35,0.40,FuuA,1417.18860,48.74260,212.57829,He3,K+
7,11,0.091,0.00,0.25,0.68075,0.326,0.30,0.35,1.2365,1.0000,1.5000,0.42488,0.40,0.45,FuuA,1125.01717,49.62861,168.75257,He3,K+
8,11,0.090,0.00,0.25,0.68611,0.326,0.30,0.35,1.2342,1.0000,1.5000,0.47436,0.45,0.50,FuuA,872.20999,51.70411,130.83150,He3,K+
9,11,0.090,0.00,0.25,0.69194,0.327,0.30,0.35,1.2321,1.0000,1.5000,0.52428,0.50,0.55,FuuA,658.48467,53.02737,98.77270,He3,K+
10,11,0.088,0.00,0.25,0.70156,0.328,0.30,0.35,1.2304,1.0000,1.5000,0.57447,0.55,0.60,FuuA,483.40092,59.90160,72.51014,He3,K+
11,11,0.085,0.00,0.25,0.71541,0.329,0.30,0.35,1.2254,1.0000,1.5000,0.64387,0.60,0.70,FuuA,306.17281,56.41678,45.92592,He3,K+
12,11,0.081,0.00,0.25,0.74650,0.331,0.30,0.35,1.2212,1.0000,1.5000,0.74082,0.70,0.80,FuuA,144.74905,103.58302,21.71236,He3,K+
13,11,0.075,0.00,0.25,0.78922,0.335,0.30,0.35,1.2185,1.0000,1.5000,0.83716,0.80,1.60,FuuA,61.75398,229.85916,9.26310,He3,K+
14,11,0.140,0.00,0.25,0.48299,0.374,0.35,0.40,1.3685,1.0000,1.5000,0.07072,0.00,0.10,FuuA,2591.50370,116.20176,388.72556,He3,K+
15,11,0.127,0.00,0.25,0.51864,0.374,0.35,0.40,1.3283,1.0000,1.5000,0.12901,0.10,0.15,FuuA,2441.94608,97.66500,366.29191,He3,K+
16,11,0.118,0.00,0.25,0.54708,0.374,0.35,0.40,1.3032,1.0000,1.5000,0.17738,0.15,0.20,FuuA,2245.52372,74.92990,336.82856,He3,K+
17,11,0.111,0.00,0.25,0.57495,0.374,0.35,0.40,1.2835,1.0000,1.5000,0.22628,0.20,0.25,FuuA,2005.88347,63.85936,300.88252,He3,K+
18,11,0.105,0.00,0.25,0.60220,0.374,0.35,0.40,1.2691,1.0000,1.5000,0.27532,0.25,0.30,FuuA,1741.29654,56.22816,261.19448,He3,K+
19,11,0.100,0.00,0.25,0.62841,0.374,0.35,0.40,1.2568,1.0000,1.5000,0.32529,0.30,0.35,FuuA,1470.28890,51.40128,220.54334,He3,K+
20,11,0.096,0.00,0.25,0.64978,0.374,0.35,0.40,1.2467,1.0000,1.5000,0.37492,0.35,0.40,FuuA,1217.54995,50.53165,182.63249,He3,K+
21,11,0.093,0.00,0.25,0.66499,0.374,0.35,0.40,1.2414,1.0000,1.5000,0.42446,0.40,0.45,FuuA,986.40264,50.41259,147.96040,He3,K+
22,11,0.092,0.00,0.25,0.67633,0.374,0.35,0.40,1.2379,1.0000,1.5000,0.47428,0.45,0.50,FuuA,780.56991,52.38380,117.08549,He3,K+
23,11,0.091,0.00,0.25,0.68311,0.374,0.35,0.40,1.2353,1.0000,1.5000,0.52448,0.50,0.55,FuuA,603.57332,54.08900,90.53600,He3,K+
24,11,0.090,0.00,0.25,0.68653,0.374,0.35,0.40,1.2331,1.0000,1.5000,0.57504,0.55,0.60,FuuA,455.40391,57.40556,68.31059,He3,K+
25,11,0.089,0.00,0.25,0.69744,0.375,0.35,0.40,1.2310,1.0000,1.5000,0.64598,0.60,0.70,FuuA,295.31088,47.22674,44.29663,He3,K+
26,11,0.086,0.00,0.25,0.71283,0.377,0.35,0.40,1.2257,1.0000,1.5000,0.74079,0.70,0.80,FuuA,152.47210,70.16923,22.87082,He3,K+
27,11,0.081,0.00,0.25,0.74729,0.379,0.35,0.40,1.2210,1.0000,1.5000,0.85496,0.80,1.60,FuuA,64.17940,103.62188,9.62691,He3,K+
28,11,0.141,0.00,0.25,0.47805,0.424,0.40,0.45,1.3736,1.0000,1.5000,0.06941,0.00,0.10,FuuA,2072.08153,127.58624,310.81223,He3,K+
29,11,0.131,0.00,0.25,0.50671,0.424,0.40,0.45,1.3402,1.0000,1.5000,0.12628,0.10,0.15,FuuA,1971.40807,114.24094,295.71121,He3,K+
30,11,0.122,0.00,0.25,0.53276,0.424,0.40,0.45,1.3144,1.0000,1.5000,0.17518,0.15,0.20,FuuA,1836.51506,82.81999,275.47726,He3,K+
31,11,0.115,0.00,0.25,0.55819,0.424,0.40,0.45,1.2945,1.0000,1.5000,0.22516,0.20,0.25,FuuA,1662.34742,72.57650,249.35211,He3,K+
32,11,0.109,0.00,0.25,0.58329,0.424,0.40,0.45,1.2783,1.0000,1.5000,0.27507,0.25,0.30,FuuA,1466.77945,61.70941,220.01692,He3,K+
33,11,0.104,0.00,0.25,0.60756,0.424,0.40,0.45,1.2656,1.0000,1.5000,0.32498,0.30,0.35,FuuA,1262.94027,58.64027,189.44104,He3,K+
34,11,0.100,0.00,0.25,0.62993,0.424,0.40,0.45,1.2555,1.0000,1.5000,0.37539,0.35,0.40,FuuA,1061.66170,53.76456,159.24925,He3,K+
35,11,0.096,0.00,0.25,0.64882,0.424,0.40,0.45,1.2471,1.0000,1.5000,0.42605,0.40,0.45,FuuA,873.97072,54.62320,131.09561,He3,K+
36,11,0.094,0.00,0.25,0.66258,0.425,0.40,0.45,1.2416,1.0000,1.5000,0.47470,0.45,0.50,FuuA,711.60589,55.90042,106.74088,He3,K+
37,11,0.092,0.00,0.25,0.67320,0.425,0.40,0.45,1.2384,1.0000,1.5000,0.52426,0.50,0.55,FuuA,565.54458,56.68460,84.83169,He3,K+
38,11,0.091,0.00,0.25,0.68103,0.425,0.40,0.45,1.2359,1.0000,1.5000,0.57529,0.55,0.60,FuuA,437.08095,59.87155,65.56214,He3,K+
39,11,0.091,0.00,0.25,0.68559,0.425,0.40,0.45,1.2332,1.0000,1.5000,0.64845,0.60,0.70,FuuA,293.87113,47.32872,44.08067,He3,K+
40,11,0.089,0.00,0.25,0.69820,0.426,0.40,0.45,1.2305,1.0000,1.5000,0.74658,0.70,0.80,FuuA,158.80603,57.37062,23.82090,He3,K+
41,11,0.084,0.00,0.25,0.72254,0.428,0.40,0.45,1.2240,1.0000,1.5000,0.88400,0.80,1.60,FuuA,63.41825,73.26401,9.51274,He3,K+
42,11,0.142,0.00,0.25,0.47553,0.474,0.45,0.50,1.3765,1.0000,1.5000,0.07229,0.00,0.10,FuuA,1685.70465,132.08420,252.85570,He3,K+
43,11,0.133,0.00,0.25,0.49936,0.474,0.45,0.50,1.3481,1.0000,1.5000,0.12800,0.10,0.15,FuuA,1613.90270,131.80272,242.08541,He3,K+
44,11,0.125,0.00,0.25,0.52260,0.474,0.45,0.50,1.3239,1.0000,1.5000,0.17547,0.15,0.20,FuuA,1518.23142,90.95300,227.73471,He3,K+
45,11,0.118,0.00,0.25,0.54682,0.474,0.45,0.50,1.3025,1.0000,1.5000,0.22721,0.20,0.25,FuuA,1388.06335,78.18053,208.20950,He3,K+
46,11,0.112,0.00,0.25,0.56851,0.474,0.45,0.50,1.2868,1.0000,1.5000,0.27571,0.25,0.30,FuuA,1247.33632,72.02089,187.10045,He3,K+
47,11,0.108,0.00,0.25,0.58994,0.474,0.45,0.50,1.2743,1.0000,1.5000,0.32550,0.30,0.35,FuuA,1092.89909,62.51928,163.93486,He3,K+
48,11,0.103,0.00,0.25,0.61164,0.474,0.45,0.50,1.2636,1.0000,1.5000,0.37627,0.35,0.40,FuuA,934.43685,60.43861,140.16553,He3,K+
49,11,0.099,0.00,0.25,0.63125,0.474,0.45,0.50,1.2545,1.0000,1.5000,0.42600,0.40,0.45,FuuA,786.53385,58.18765,117.98008,He3,K+
50,11,0.096,0.00,0.25,0.64738,0.475,0.45,0.50,1.2473,1.0000,1.5000,0.47536,0.45,0.50,FuuA,651.63874,58.92169,97.74581,He3,K+
51,11,0.094,0.00,0.25,0.66031,0.475,0.45,0.50,1.2423,1.0000,1.5000,0.52374,0.50,0.55,FuuA,532.57124,60.66191,79.88569,He3,K+
52,11,0.093,0.00,0.25,0.67039,0.475,0.45,0.50,1.2388,1.0000,1.5000,0.57380,0.55,0.60,FuuA,424.67065,60.75262,63.70060,He3,K+
53,11,0.091,0.00,0.25,0.68019,0.475,0.45,0.50,1.2357,1.0000,1.5000,0.64849,0.60,0.70,FuuA,294.36552,48.19528,44.15483,He3,K+
54,11,0.090,0.00,0.25,0.68619,0.475,0.45,0.50,1.2325,1.0000,1.5000,0.74673,0.70,0.80,FuuA,169.98731,56.76946,25.49810,He3,K+
55,11,0.087,0.00,0.25,0.70809,0.477,0.45,0.50,1.2270,1.0000,1.5000,0.89932,0.80,1.60,FuuA,69.88136,54.77922,10.48220,He3,K+
56,11,0.144,0.00,0.25,0.47148,0.524,0.50,0.55,1.3812,1.0000,1.5000,0.06919,0.00,0.10,FuuA,1388.39063,149.78898,208.25859,He3,K+
57,11,0.136,0.00,0.25,0.49138,0.524,0.50,0.55,1.3576,1.0000,1.5000,0.12415,0.10,0.15,FuuA,1336.80790,146.00153,200.52118,He3,K+
58,11,0.129,0.00,0.25,0.51292,0.524,0.50,0.55,1.3333,1.0000,1.5000,0.17176,0.15,0.20,FuuA,1270.41063,102.05287,190.56159,He3,K+
59,11,0.121,0.00,0.25,0.53591,0.524,0.50,0.55,1.3109,1.0000,1.5000,0.22568,0.20,0.25,FuuA,1172.75890,84.09842,175.91384,He3,K+
60,11,0.115,0.00,0.25,0.55681,0.524,0.50,0.55,1.2949,1.0000,1.5000,0.27773,0.25,0.30,FuuA,1059.63378,77.00884,158.94507,He3,K+
61,11,0.111,0.00,0.25,0.57638,0.524,0.50,0.55,1.2816,1.0000,1.5000,0.32702,0.30,0.35,FuuA,944.32785,71.07940,141.64918,He3,K+
62,11,0.106,0.00,0.25,0.59543,0.524,0.50,0.55,1.2710,1.0000,1.5000,0.37563,0.35,0.40,FuuA,826.85652,66.85193,124.02848,He3,K+
63,11,0.102,0.00,0.25,0.61434,0.524,0.50,0.55,1.2617,1.0000,1.5000,0.42517,0.40,0.45,FuuA,709.22418,62.73735,106.38363,He3,K+
64,11,0.099,0.00,0.25,0.63211,0.524,0.50,0.55,1.2534,1.0000,1.5000,0.47435,0.45,0.50,FuuA,598.84433,63.30707,89.82665,He3,K+
65,11,0.096,0.00,0.25,0.64671,0.524,0.50,0.55,1.2470,1.0000,1.5000,0.52299,0.50,0.55,FuuA,499.07875,62.64468,74.86181,He3,K+
66,11,0.094,0.00,0.25,0.65876,0.525,0.50,0.55,1.2421,1.0000,1.5000,0.57436,0.55,0.60,FuuA,405.12933,62.04203,60.76940,He3,K+
67,11,0.092,0.00,0.25,0.67157,0.525,0.50,0.55,1.2382,1.0000,1.5000,0.64763,0.60,0.70,FuuA,292.84106,50.20168,43.92616,He3,K+
68,11,0.091,0.00,0.25,0.68227,0.525,0.50,0.55,1.2342,1.0000,1.5000,0.74444,0.70,0.80,FuuA,180.26221,56.56373,27.03933,He3,K+
69,11,0.088,0.00,0.25,0.70103,0.526,0.50,0.55,1.2268,1.0000,1.5000,0.92143,0.80,1.60,FuuA,72.52567,46.95884,10.87885,He3,K+
70,11,0.146,0.00,0.25,0.46665,0.575,0.55,0.60,1.3876,1.0000,1.5000,0.05796,0.00,0.10,FuuA,1192.57037,191.19540,178.88556,He3,K+
71,11,0.139,0.00,0.25,0.48474,0.574,0.55,0.60,1.3662,1.0000,1.5000,0.11969,0.10,0.15,FuuA,1148.88832,132.71401,172.33325,He3,K+
72,11,0.131,0.00,0.25,0.50655,0.574,0.55,0.60,1.3433,1.0000,1.5000,0.17663,0.15,0.20,FuuA,1084.55698,108.46887,162.68355,He3,K+
73,11,0.124,0.00,0.25,0.52743,0.574,0.55,0.60,1.3235,1.0000,1.5000,0.23031,0.20,0.25,FuuA,1006.03771,93.14535,150.90566,He3,K+
74,11,0.119,0.00,0.25,0.54439,0.574,0.55,0.60,1.3100,1.0000,1.5000,0.27671,0.25,0.30,FuuA,926.36239,94.21181,138.95436,He3,K+
75,11,0.115,0.00,0.25,0.56187,0.574,0.55,0.60,1.2978,1.0000,1.5000,0.32384,0.30,0.35,FuuA,838.11897,76.10527,125.71785,He3,K+
76,11,0.110,0.00,0.25,0.58084,0.574,0.55,0.60,1.2873,1.0000,1.5000,0.37681,0.35,0.40,FuuA,734.61347,70.25932,110.19202,He3,K+
77,11,0.106,0.00,0.25,0.59947,0.574,0.55,0.60,1.2774,1.0000,1.5000,0.42791,0.40,0.45,FuuA,635.53954,69.74742,95.33093,He3,K+
78,11,0.103,0.00,0.25,0.61611,0.574,0.55,0.60,1.2704,1.0000,1.5000,0.47630,0.45,0.50,FuuA,545.11166,69.10659,81.76675,He3,K+
79,11,0.100,0.00,0.25,0.63108,0.574,0.55,0.60,1.2637,1.0000,1.5000,0.52396,0.50,0.55,FuuA,462.58118,68.90502,69.38718,He3,K+
80,11,0.098,0.00,0.25,0.64453,0.574,0.55,0.60,1.2584,1.0000,1.5000,0.57516,0.55,0.60,FuuA,382.39468,65.21899,57.35920,He3,K+
81,11,0.095,0.00,0.25,0.65982,0.574,0.55,0.60,1.2529,1.0000,1.5000,0.64878,0.60,0.70,FuuA,284.23520,52.80422,42.63528,He3,K+
82,11,0.092,0.00,0.25,0.67525,0.575,0.55,0.60,1.2474,1.0000,1.5000,0.74501,0.70,0.80,FuuA,183.59603,57.99360,27.53940,He3,K+
83,11,0.088,0.00,0.25,0.69937,0.575,0.55,0.60,1.2364,1.0000,1.5000,0.94407,0.80,1.60,FuuA,72.97188,44.58931,10.94578,He3,K+
84,11,0.185,0.00,0.25,0.46032,0.327,0.30,0.35,1.7245,1.5000,2.0000,0.06585,0.00,0.10,FuuA,1991.16469,78.19045,298.67470,He3,K+
85,11,0.173,0.00,0.25,0.49940,0.327,0.30,0.35,1.7244,1.5000,2.0000,0.12706,0.10,0.15,FuuA,1775.90570,76.03091,266.38585,He3,K+
86,11,0.162,0.00,0.25,0.53545,0.327,0.30,0.35,1.7235,1.5000,2.0000,0.17597,0.15,0.20,FuuA,1565.78354,69.40654,234.86753,He3,K+
87,11,0.153,0.00,0.25,0.56521,0.327,0.30,0.35,1.7207,1.5000,2.0000,0.22489,0.20,0.25,FuuA,1359.76672,63.02391,203.96501,He3,K+
88,11,0.148,0.00,0.25,0.58718,0.327,0.30,0.35,1.7177,1.5000,2.0000,0.27475,0.25,0.30,FuuA,1159.25852,61.14186,173.88878,He3,K+
89,11,0.144,0.00,0.25,0.60276,0.327,0.30,0.35,1.7150,1.5000,2.0000,0.32498,0.30,0.35,FuuA,966.63273,60.89349,144.99491,He3,K+
90,11,0.142,0.00,0.25,0.61247,0.327,0.30,0.35,1.7126,1.5000,2.0000,0.37459,0.35,0.40,FuuA,790.02139,64.28314,118.50321,He3,K+
91,11,0.141,0.00,0.25,0.61580,0.327,0.30,0.35,1.7099,1.5000,2.0000,0.42448,0.40,0.45,FuuA,631.04800,66.00660,94.65720,He3,K+
92,11,0.143,0.00,0.25,0.61104,0.327,0.30,0.35,1.7069,1.5000,2.0000,0.47533,0.45,0.50,FuuA,491.37142,70.84560,73.70571,He3,K+
93,11,0.143,0.00,0.25,0.60819,0.327,0.30,0.35,1.7066,1.5000,2.0000,0.52554,0.50,0.55,FuuA,373.21203,75.84018,55.98180,He3,K+
94,11,0.141,0.00,0.25,0.61798,0.328,0.30,0.35,1.7107,1.5000,2.0000,0.57516,0.55,0.60,FuuA,273.83761,85.77907,41.07564,He3,K+
95,11,0.134,0.00,0.25,0.64151,0.329,0.30,0.35,1.7156,1.5000,2.0000,0.64349,0.60,0.70,FuuA,172.27472,81.65278,25.84121,He3,K+
96,11,0.124,0.00,0.25,0.68412,0.331,0.30,0.35,1.7172,1.5000,2.0000,0.74144,0.70,0.80,FuuA,79.99061,147.34153,11.99859,He3,K+
97,11,0.115,0.00,0.25,0.73123,0.336,0.30,0.35,1.7155,1.5000,2.0000,0.84075,0.80,1.60,FuuA,33.07421,369.54060,4.96113,He3,K+
98,11,0.187,0.00,0.25,0.45661,0.374,0.35,0.40,1.7293,1.5000,2.0000,0.06616,0.00,0.10,FuuA,1743.60240,75.59273,261.54036,He3,K+
99,11,0.178,0.00,0.25,0.48365,0.374,0.35,0.40,1.7299,1.5000,2.0000,0.12576,0.10,0.15,FuuA,1588.01962,75.47582,238.20294,He3,K+
100,11,0.168,0.00,0.25,0.51567,0.374,0.35,0.40,1.7292,1.5000,2.0000,0.17543,0.15,0.20,FuuA,1417.25351,65.18792,212.58803,He3,K+
101,11,0.159,0.00,0.25,0.54564,0.374,0.35,0.40,1.7277,1.5000,2.0000,0.22605,0.20,0.25,FuuA,1236.35823,62.00373,185.45373,He3,K+
102,11,0.153,0.00,0.25,0.56923,0.374,0.35,0.40,1.7251,1.5000,2.0000,0.27539,0.25,0.30,FuuA,1064.16278,59.81153,159.62442,He3,K+
103,11,0.149,0.00,0.25,0.58646,0.374,0.35,0.40,1.7225,1.5000,2.0000,0.32451,0.30,0.35,FuuA,901.90434,59.58013,135.28565,He3,K+
104,11,0.146,0.00,0.25,0.59873,0.375,0.35,0.40,1.7206,1.5000,2.0000,0.37460,0.35,0.40,FuuA,746.89943,59.94361,112.03492,He3,K+
105,11,0.144,0.00,0.25,0.60702,0.375,0.35,0.40,1.7185,1.5000,2.0000,0.42409,0.40,0.45,FuuA,607.28589,64.65036,91.09288,He3,K+
106,11,0.143,0.00,0.25,0.61166,0.375,0.35,0.40,1.7163,1.5000,2.0000,0.47361,0.45,0.50,FuuA,483.59257,66.34869,72.53889,He3,K+
107,11,0.144,0.00,0.25,0.60966,0.375,0.35,0.40,1.7131,1.5000,2.0000,0.52531,0.50,0.55,FuuA,374.09732,70.73493,56.11460,He3,K+
108,11,0.145,0.00,0.25,0.60448,0.375,0.35,0.40,1.7114,1.5000,2.0000,0.57466,0.55,0.60,FuuA,286.47884,80.80867,42.97183,He3,K+
109,11,0.143,0.00,0.25,0.61115,0.375,0.35,0.40,1.7150,1.5000,2.0000,0.64526,0.60,0.70,FuuA,187.11579,63.49319,28.06737,He3,K+
110,11,0.135,0.00,0.25,0.63901,0.377,0.35,0.40,1.7219,1.5000,2.0000,0.74432,0.70,0.80,FuuA,91.95735,96.13617,13.79360,He3,K+
111,11,0.124,0.00,0.25,0.68528,0.379,0.35,0.40,1.7225,1.5000,2.0000,0.86070,0.80,1.60,FuuA,36.71740,154.39775,5.50761,He3,K+
112,11,0.188,0.00,0.25,0.45322,0.424,0.40,0.45,1.7289,1.5000,2.0000,0.06569,0.00,0.10,FuuA,1391.89261,81.69928,208.78389,He3,K+
113,11,0.181,0.00,0.25,0.47375,0.424,0.40,0.45,1.7289,1.5000,2.0000,0.12528,0.10,0.15,FuuA,1287.15244,79.83315,193.07287,He3,K+
114,11,0.173,0.00,0.25,0.49892,0.425,0.40,0.45,1.7293,1.5000,2.0000,0.17435,0.15,0.20,FuuA,1165.67327,70.13555,174.85099,He3,K+
115,11,0.165,0.00,0.25,0.52736,0.424,0.40,0.45,1.7284,1.5000,2.0000,0.22437,0.20,0.25,FuuA,1030.71673,66.47251,154.60751,He3,K+
116,11,0.158,0.00,0.25,0.55193,0.424,0.40,0.45,1.7264,1.5000,2.0000,0.27502,0.25,0.30,FuuA,895.26172,62.09838,134.28926,He3,K+
117,11,0.153,0.00,0.25,0.57132,0.425,0.40,0.45,1.7242,1.5000,2.0000,0.32605,0.30,0.35,FuuA,763.92567,62.23013,114.58885,He3,K+
118,11,0.149,0.00,0.25,0.58584,0.425,0.40,0.45,1.7221,1.5000,2.0000,0.37569,0.35,0.40,FuuA,643.90043,63.75507,96.58506,He3,K+
119,11,0.146,0.00,0.25,0.59651,0.425,0.40,0.45,1.7203,1.5000,2.0000,0.42460,0.40,0.45,FuuA,534.63222,65.99044,80.19483,He3,K+
120,11,0.145,0.00,0.25,0.60430,0.425,0.40,0.45,1.7186,1.5000,2.0000,0.47358,0.45,0.50,FuuA,435.56637,69.09207,65.33496,He3,K+
121,11,0.144,0.00,0.25,0.60922,0.425,0.40,0.45,1.7170,1.5000,2.0000,0.52466,0.50,0.55,FuuA,344.94124,71.08691,51.74119,He3,K+
122,11,0.143,0.00,0.25,0.61054,0.425,0.40,0.45,1.7144,1.5000,2.0000,0.57450,0.55,0.60,FuuA,269.75030,82.65310,40.46255,He3,K+
123,11,0.144,0.00,0.25,0.60740,0.425,0.40,0.45,1.7120,1.5000,2.0000,0.64432,0.60,0.70,FuuA,186.70907,64.17681,28.00636,He3,K+
124,11,0.140,0.00,0.25,0.61778,0.426,0.40,0.45,1.7148,1.5000,2.0000,0.74448,0.70,0.80,FuuA,100.33977,78.05179,15.05097,He3,K+
125,11,0.131,0.00,0.25,0.65370,0.428,0.40,0.45,1.7208,1.5000,2.0000,0.88340,0.80,1.60,FuuA,38.65595,102.60854,5.79839,He3,K+
126,11,0.189,0.00,0.25,0.45103,0.474,0.45,0.50,1.7283,1.5000,2.0000,0.06626,0.00,0.10,FuuA,1135.47436,87.00394,170.32115,He3,K+
127,11,0.183,0.00,0.25,0.46829,0.475,0.45,0.50,1.7288,1.5000,2.0000,0.12765,0.10,0.15,FuuA,1057.51675,81.29179,158.62751,He3,K+
128,11,0.177,0.00,0.25,0.48858,0.474,0.45,0.50,1.7284,1.5000,2.0000,0.17632,0.15,0.20,FuuA,970.60606,76.57037,145.59091,He3,K+
129,11,0.169,0.00,0.25,0.51318,0.475,0.45,0.50,1.7285,1.5000,2.0000,0.22576,0.20,0.25,FuuA,869.10202,68.67875,130.36530,He3,K+
130,11,0.162,0.00,0.25,0.53696,0.475,0.45,0.50,1.7278,1.5000,2.0000,0.27637,0.25,0.30,FuuA,763.29219,67.74803,114.49383,He3,K+
131,11,0.156,0.00,0.25,0.55676,0.475,0.45,0.50,1.7255,1.5000,2.0000,0.32525,0.30,0.35,FuuA,664.29124,66.67895,99.64369,He3,K+
132,11,0.152,0.00,0.25,0.57253,0.475,0.45,0.50,1.7235,1.5000,2.0000,0.37385,0.35,0.40,FuuA,570.39913,66.44552,85.55987,He3,K+
133,11,0.149,0.00,0.25,0.58529,0.475,0.45,0.50,1.7219,1.5000,2.0000,0.42473,0.40,0.45,FuuA,478.51662,65.20098,71.77749,He3,K+
134,11,0.147,0.00,0.25,0.59507,0.475,0.45,0.50,1.7203,1.5000,2.0000,0.47500,0.45,0.50,FuuA,395.50416,72.02837,59.32562,He3,K+
135,11,0.145,0.00,0.25,0.60293,0.475,0.45,0.50,1.7190,1.5000,2.0000,0.52532,0.50,0.55,FuuA,321.09908,71.42510,48.16486,He3,K+
136,11,0.143,0.00,0.25,0.60910,0.475,0.45,0.50,1.7175,1.5000,2.0000,0.57638,0.55,0.60,FuuA,255.04617,81.29950,38.25692,He3,K+
137,11,0.142,0.00,0.25,0.61463,0.475,0.45,0.50,1.7147,1.5000,2.0000,0.64803,0.60,0.70,FuuA,180.38839,64.21657,27.05826,He3,K+
138,11,0.140,0.00,0.25,0.61716,0.475,0.45,0.50,1.7112,1.5000,2.0000,0.74510,0.70,0.80,FuuA,105.76275,80.93072,15.86441,He3,K+
139,11,0.133,0.00,0.25,0.64211,0.476,0.45,0.50,1.7158,1.5000,2.0000,0.89722,0.80,1.60,FuuA,43.47679,77.54409,6.52152,He3,K+
140,11,0.190,0.00,0.25,0.44971,0.524,0.50,0.55,1.7285,1.5000,2.0000,0.06587,0.00,0.10,FuuA,935.05533,93.78854,140.25830,He3,K+
141,11,0.185,0.00,0.25,0.46371,0.524,0.50,0.55,1.7284,1.5000,2.0000,0.12777,0.10,0.15,FuuA,879.85958,85.40594,131.97894,He3,K+
142,11,0.179,0.00,0.25,0.48050,0.524,0.50,0.55,1.7288,1.5000,2.0000,0.17789,0.15,0.20,FuuA,813.38047,79.76479,122.00707,He3,K+
143,11,0.173,0.00,0.25,0.50170,0.524,0.50,0.55,1.7285,1.5000,2.0000,0.22772,0.20,0.25,FuuA,736.61128,72.82023,110.49169,He3,K+
144,11,0.166,0.00,0.25,0.52468,0.524,0.50,0.55,1.7282,1.5000,2.0000,0.27786,0.25,0.30,FuuA,654.63103,71.69117,98.19465,He3,K+
145,11,0.160,0.00,0.25,0.54380,0.524,0.50,0.55,1.7270,1.5000,2.0000,0.32526,0.30,0.35,FuuA,578.32590,72.47169,86.74888,He3,K+
146,11,0.156,0.00,0.25,0.56031,0.525,0.50,0.55,1.7255,1.5000,2.0000,0.37404,0.35,0.40,FuuA,502.66885,67.65323,75.40033,He3,K+
147,11,0.152,0.00,0.25,0.57414,0.525,0.50,0.55,1.7235,1.5000,2.0000,0.42380,0.40,0.45,FuuA,430.20411,71.13029,64.53062,He3,K+
148,11,0.149,0.00,0.25,0.58605,0.525,0.50,0.55,1.7219,1.5000,2.0000,0.47354,0.45,0.50,FuuA,362.68435,70.66854,54.40265,He3,K+
149,11,0.146,0.00,0.25,0.59599,0.525,0.50,0.55,1.7207,1.5000,2.0000,0.52457,0.50,0.55,FuuA,299.57091,74.84509,44.93564,He3,K+
150,11,0.144,0.00,0.25,0.60480,0.525,0.50,0.55,1.7199,1.5000,2.0000,0.57473,0.55,0.60,FuuA,244.20339,80.46387,36.63051,He3,K+
151,11,0.141,0.00,0.25,0.61655,0.525,0.50,0.55,1.7177,1.5000,2.0000,0.64966,0.60,0.70,FuuA,175.64460,62.70538,26.34669,He3,K+
152,11,0.137,0.00,0.25,0.62873,0.525,0.50,0.55,1.7137,1.5000,2.0000,0.75272,0.70,0.80,FuuA,104.62117,78.83508,15.69318,He3,K+
153,11,0.131,0.00,0.25,0.64812,0.526,0.50,0.55,1.7115,1.5000,2.0000,0.92822,0.80,1.60,FuuA,41.78404,71.80438,6.26761,He3,K+
154,11,0.190,0.00,0.25,0.44884,0.575,0.55,0.60,1.7277,1.5000,2.0000,0.06898,0.00,0.10,FuuA,797.00118,95.00516,119.55018,He3,K+
155,11,0.186,0.00,0.25,0.46047,0.575,0.55,0.60,1.7281,1.5000,2.0000,0.12919,0.10,0.15,FuuA,755.42109,95.38461,113.31316,He3,K+
156,11,0.182,0.00,0.25,0.47344,0.575,0.55,0.60,1.7279,1.5000,2.0000,0.17655,0.15,0.20,FuuA,708.40785,83.81461,106.26118,He3,K+
157,11,0.176,0.00,0.25,0.49169,0.575,0.55,0.60,1.7282,1.5000,2.0000,0.22671,0.20,0.25,FuuA,647.90752,75.50602,97.18613,He3,K+
158,11,0.169,0.00,0.25,0.51231,0.575,0.55,0.60,1.7273,1.5000,2.0000,0.27670,0.25,0.30,FuuA,583.58255,75.48266,87.53738,He3,K+
159,11,0.163,0.00,0.25,0.53184,0.575,0.55,0.60,1.7276,1.5000,2.0000,0.32431,0.30,0.35,FuuA,520.09881,74.62395,78.01482,He3,K+
160,11,0.158,0.00,0.25,0.54976,0.575,0.55,0.60,1.7263,1.5000,2.0000,0.37433,0.35,0.40,FuuA,456.12010,69.38572,68.41802,He3,K+
161,11,0.154,0.00,0.25,0.56582,0.575,0.55,0.60,1.7248,1.5000,2.0000,0.42389,0.40,0.45,FuuA,395.37687,74.83294,59.30653,He3,K+
162,11,0.150,0.00,0.25,0.57827,0.575,0.55,0.60,1.7233,1.5000,2.0000,0.47166,0.45,0.50,FuuA,340.97221,73.88830,51.14583,He3,K+
163,11,0.147,0.00,0.25,0.59119,0.575,0.55,0.60,1.7224,1.5000,2.0000,0.52277,0.50,0.55,FuuA,286.52468,74.43054,42.97870,He3,K+
164,11,0.144,0.00,0.25,0.60242,0.575,0.55,0.60,1.7205,1.5000,2.0000,0.57431,0.55,0.60,FuuA,237.25445,80.88369,35.58817,He3,K+
165,11,0.140,0.00,0.25,0.61764,0.575,0.55,0.60,1.7189,1.5000,2.0000,0.64728,0.60,0.70,FuuA,177.19014,63.85143,26.57852,He3,K+
166,11,0.135,0.00,0.25,0.63410,0.575,0.55,0.60,1.7155,1.5000,2.0000,0.74209,0.70,0.80,FuuA,115.38833,79.85545,17.30825,He3,K+
167,11,0.129,0.00,0.25,0.65933,0.575,0.55,0.60,1.7098,1.5000,2.0000,0.93012,0.80,1.60,FuuA,48.71718,63.69353,7.30758,He3,K+
168,11,0.209,0.00,0.25,0.51886,0.327,0.30,0.35,2.2114,2.0000,2.5000,0.06659,0.00,0.10,FuuA,892.85808,116.82699,133.92871,He3,K+
169,11,0.199,0.00,0.25,0.54918,0.327,0.30,0.35,2.2149,2.0000,2.5000,0.12677,0.10,0.15,FuuA,812.93146,110.93289,121.93972,He3,K+
170,11,0.191,0.00,0.25,0.57130,0.327,0.30,0.35,2.2141,2.0000,2.5000,0.17543,0.15,0.20,FuuA,736.90426,101.42558,110.53564,He3,K+
171,11,0.186,0.00,0.25,0.58720,0.327,0.30,0.35,2.2122,2.0000,2.5000,0.22483,0.20,0.25,FuuA,654.02311,94.37799,98.10347,He3,K+
172,11,0.182,0.00,0.25,0.59931,0.327,0.30,0.35,2.2100,2.0000,2.5000,0.27426,0.25,0.30,FuuA,566.71295,96.36014,85.00694,He3,K+
173,11,0.180,0.00,0.25,0.60748,0.327,0.30,0.35,2.2071,2.0000,2.5000,0.32377,0.30,0.35,FuuA,479.44243,97.21940,71.91636,He3,K+
174,11,0.179,0.00,0.25,0.61088,0.328,0.30,0.35,2.2038,2.0000,2.5000,0.37394,0.35,0.40,FuuA,395.28829,105.15241,59.29324,He3,K+
175,11,0.179,0.00,0.25,0.60953,0.328,0.30,0.35,2.2016,2.0000,2.5000,0.42377,0.40,0.45,FuuA,317.97785,114.59424,47.69668,He3,K+
176,11,0.181,0.00,0.25,0.60449,0.327,0.30,0.35,2.2007,2.0000,2.5000,0.47324,0.45,0.50,FuuA,248.89445,127.47193,37.33417,He3,K+
177,11,0.183,0.00,0.25,0.59762,0.327,0.30,0.35,2.2002,2.0000,2.5000,0.52409,0.50,0.55,FuuA,187.46106,132.15439,28.11916,He3,K+
178,11,0.183,0.00,0.25,0.59603,0.327,0.30,0.35,2.2022,2.0000,2.5000,0.57470,0.55,0.60,FuuA,137.48690,146.59929,20.62304,He3,K+
179,11,0.181,0.00,0.25,0.60469,0.329,0.30,0.35,2.2091,2.0000,2.5000,0.64468,0.60,0.70,FuuA,87.48313,124.87288,13.12247,He3,K+
180,11,0.174,0.00,0.25,0.62798,0.331,0.30,0.35,2.2167,2.0000,2.5000,0.73491,0.70,0.80,FuuA,44.16966,239.53861,6.62545,He3,K+
181,11,0.164,0.00,0.25,0.66166,0.335,0.30,0.35,2.2199,2.0000,2.5000,0.81562,0.80,1.60,FuuA,23.27977,396.42283,3.49197,He3,K+
182,11,0.211,0.00,0.25,0.51540,0.374,0.35,0.40,2.2152,2.0000,2.5000,0.06572,0.00,0.10,FuuA,982.40924,108.49432,147.36139,He3,K+
183,11,0.203,0.00,0.25,0.53801,0.374,0.35,0.40,2.2185,2.0000,2.5000,0.12538,0.10,0.15,FuuA,905.90645,101.96934,135.88597,He3,K+
184,11,0.195,0.00,0.25,0.56045,0.374,0.35,0.40,2.2191,2.0000,2.5000,0.17519,0.15,0.20,FuuA,823.22192,90.32439,123.48329,He3,K+
185,11,0.190,0.00,0.25,0.57711,0.374,0.35,0.40,2.2178,2.0000,2.5000,0.22508,0.20,0.25,FuuA,734.71670,86.47800,110.20751,He3,K+
186,11,0.186,0.00,0.25,0.58942,0.374,0.35,0.40,2.2163,2.0000,2.5000,0.27413,0.25,0.30,FuuA,643.52116,85.72198,96.52817,He3,K+
187,11,0.183,0.00,0.25,0.59879,0.375,0.35,0.40,2.2143,2.0000,2.5000,0.32422,0.30,0.35,FuuA,549.66835,85.33899,82.45025,He3,K+
188,11,0.181,0.00,0.25,0.60545,0.375,0.35,0.40,2.2119,2.0000,2.5000,0.37548,0.35,0.40,FuuA,456.81773,90.07683,68.52266,He3,K+
189,11,0.180,0.00,0.25,0.60856,0.375,0.35,0.40,2.2090,2.0000,2.5000,0.42505,0.40,0.45,FuuA,373.65325,99.84479,56.04799,He3,K+
190,11,0.180,0.00,0.25,0.60776,0.375,0.35,0.40,2.2064,2.0000,2.5000,0.47468,0.45,0.50,FuuA,299.25164,105.73159,44.88775,He3,K+
191,11,0.181,0.00,0.25,0.60388,0.375,0.35,0.40,2.2058,2.0000,2.5000,0.52586,0.50,0.55,FuuA,232.23017,118.14420,34.83453,He3,K+
192,11,0.183,0.00,0.25,0.59833,0.375,0.35,0.40,2.2049,2.0000,2.5000,0.57578,0.55,0.60,FuuA,177.20296,133.04209,26.58044,He3,K+
193,11,0.184,0.00,0.25,0.59362,0.375,0.35,0.40,2.2059,2.0000,2.5000,0.64582,0.60,0.70,FuuA,116.80044,106.06812,17.52007,He3,K+
194,11,0.182,0.00,0.25,0.60243,0.376,0.35,0.40,2.2146,2.0000,2.5000,0.74392,0.70,0.80,FuuA,58.79100,130.68108,8.81865,He3,K+
195,11,0.172,0.00,0.25,0.63396,0.380,0.35,0.40,2.2225,2.0000,2.5000,0.86572,0.80,1.60,FuuA,22.24781,224.18452,3.33717,He3,K+
196,11,0.211,0.00,0.25,0.51336,0.424,0.40,0.45,2.2141,2.0000,2.5000,0.06772,0.00,0.10,FuuA,780.99882,114.30683,117.14982,He3,K+
197,11,0.206,0.00,0.25,0.53042,0.424,0.40,0.45,2.2182,2.0000,2.5000,0.12630,0.10,0.15,FuuA,727.84207,113.04364,109.17631,He3,K+
198,11,0.199,0.00,0.25,0.55047,0.424,0.40,0.45,2.2186,2.0000,2.5000,0.17452,0.15,0.20,FuuA,669.25491,96.53906,100.38824,He3,K+
199,11,0.193,0.00,0.25,0.56808,0.424,0.40,0.45,2.2180,2.0000,2.5000,0.22550,0.20,0.25,FuuA,601.89951,90.21094,90.28493,He3,K+
200,11,0.189,0.00,0.25,0.58058,0.425,0.40,0.45,2.2170,2.0000,2.5000,0.27477,0.25,0.30,FuuA,533.53731,92.03322,80.03060,He3,K+
201,11,0.185,0.00,0.25,0.59060,0.425,0.40,0.45,2.2158,2.0000,2.5000,0.32362,0.30,0.35,FuuA,464.26828,89.80588,69.64024,He3,K+
202,11,0.183,0.00,0.25,0.59878,0.425,0.40,0.45,2.2138,2.0000,2.5000,0.37380,0.35,0.40,FuuA,394.59950,92.67256,59.18992,He3,K+
203,11,0.181,0.00,0.25,0.60441,0.425,0.40,0.45,2.2116,2.0000,2.5000,0.42422,0.40,0.45,FuuA,328.22802,97.32706,49.23420,He3,K+
204,11,0.180,0.00,0.25,0.60759,0.425,0.40,0.45,2.2092,2.0000,2.5000,0.47382,0.45,0.50,FuuA,268.46877,107.55016,40.27032,He3,K+
205,11,0.180,0.00,0.25,0.60758,0.425,0.40,0.45,2.2067,2.0000,2.5000,0.52334,0.50,0.55,FuuA,215.52259,114.95019,32.32839,He3,K+
206,11,0.181,0.00,0.25,0.60472,0.425,0.40,0.45,2.2057,2.0000,2.5000,0.57224,0.55,0.60,FuuA,169.98469,133.31767,25.49770,He3,K+
207,11,0.183,0.00,0.25,0.59839,0.425,0.40,0.45,2.2049,2.0000,2.5000,0.64403,0.60,0.70,FuuA,116.57897,104.88796,17.48684,He3,K+
208,11,0.185,0.00,0.25,0.59287,0.425,0.40,0.45,2.2067,2.0000,2.5000,0.74372,0.70,0.80,FuuA,63.15978,128.97385,9.47397,He3,K+
209,11,0.179,0.00,0.25,0.61306,0.427,0.40,0.45,2.2177,2.0000,2.5000,0.87819,0.80,1.60,FuuA,25.61817,140.31482,3.84273,He3,K+
210,11,0.212,0.00,0.25,0.51080,0.474,0.45,0.50,2.2132,2.0000,2.5000,0.06422,0.00,0.10,FuuA,638.04372,129.92697,95.70656,He3,K+
211,11,0.207,0.00,0.25,0.52532,0.474,0.45,0.50,2.2169,2.0000,2.5000,0.12625,0.10,0.15,FuuA,598.09608,110.23042,89.71441,He3,K+
212,11,0.201,0.00,0.25,0.54253,0.474,0.45,0.50,2.2178,2.0000,2.5000,0.17528,0.15,0.20,FuuA,554.29177,109.94258,83.14377,He3,K+
213,11,0.196,0.00,0.25,0.55937,0.475,0.45,0.50,2.2181,2.0000,2.5000,0.22432,0.20,0.25,FuuA,504.65378,94.08426,75.69807,He3,K+
214,11,0.191,0.00,0.25,0.57339,0.475,0.45,0.50,2.2176,2.0000,2.5000,0.27615,0.25,0.30,FuuA,449.71015,93.71273,67.45652,He3,K+
215,11,0.187,0.00,0.25,0.58394,0.475,0.45,0.50,2.2160,2.0000,2.5000,0.32622,0.30,0.35,FuuA,395.54939,93.65849,59.33241,He3,K+
216,11,0.185,0.00,0.25,0.59228,0.475,0.45,0.50,2.2151,2.0000,2.5000,0.37428,0.35,0.40,FuuA,343.50690,99.04397,51.52604,He3,K+
217,11,0.183,0.00,0.25,0.59906,0.475,0.45,0.50,2.2137,2.0000,2.5000,0.42279,0.40,0.45,FuuA,292.85379,98.35863,43.92807,He3,K+
218,11,0.181,0.00,0.25,0.60386,0.475,0.45,0.50,2.2119,2.0000,2.5000,0.47259,0.45,0.50,FuuA,244.28698,106.41475,36.64305,He3,K+
219,11,0.180,0.00,0.25,0.60678,0.475,0.45,0.50,2.2095,2.0000,2.5000,0.52237,0.50,0.55,FuuA,200.23513,112.61233,30.03527,He3,K+
220,11,0.180,0.00,0.25,0.60714,0.475,0.45,0.50,2.2068,2.0000,2.5000,0.57375,0.55,0.60,FuuA,160.13940,122.39880,24.02091,He3,K+
221,11,0.181,0.00,0.25,0.60369,0.475,0.45,0.50,2.2054,2.0000,2.5000,0.64842,0.60,0.70,FuuA,112.34197,102.26762,16.85130,He3,K+
222,11,0.183,0.00,0.25,0.59690,0.475,0.45,0.50,2.2061,2.0000,2.5000,0.74628,0.70,0.80,FuuA,65.51234,135.04557,9.82685,He3,K+
223,11,0.179,0.00,0.25,0.61137,0.476,0.45,0.50,2.2131,2.0000,2.5000,0.90101,0.80,1.60,FuuA,26.56761,117.69070,3.98514,He3,K+
224,11,0.212,0.00,0.25,0.51059,0.524,0.50,0.55,2.2131,2.0000,2.5000,0.06863,0.00,0.10,FuuA,526.98478,130.72109,79.04772,He3,K+
225,11,0.208,0.00,0.25,0.52174,0.524,0.50,0.55,2.2163,2.0000,2.5000,0.12718,0.10,0.15,FuuA,499.06469,130.73132,74.85970,He3,K+
226,11,0.204,0.00,0.25,0.53614,0.524,0.50,0.55,2.2177,2.0000,2.5000,0.17643,0.15,0.20,FuuA,465.84798,105.86688,69.87720,He3,K+
227,11,0.198,0.00,0.25,0.55272,0.525,0.50,0.55,2.2186,2.0000,2.5000,0.22641,0.20,0.25,FuuA,426.82064,105.86657,64.02310,He3,K+
228,11,0.193,0.00,0.25,0.56612,0.525,0.50,0.55,2.2180,2.0000,2.5000,0.27596,0.25,0.30,FuuA,386.26719,96.73147,57.94008,He3,K+
229,11,0.190,0.00,0.25,0.57743,0.525,0.50,0.55,2.2173,2.0000,2.5000,0.32762,0.30,0.35,FuuA,342.39463,96.17129,51.35920,He3,K+
230,11,0.187,0.00,0.25,0.58580,0.525,0.50,0.55,2.2162,2.0000,2.5000,0.37553,0.35,0.40,FuuA,301.70618,104.37666,45.25593,He3,K+
231,11,0.184,0.00,0.25,0.59344,0.525,0.50,0.55,2.2150,2.0000,2.5000,0.42548,0.40,0.45,FuuA,260.10119,95.95383,39.01518,He3,K+
232,11,0.183,0.00,0.25,0.59954,0.525,0.50,0.55,2.2131,2.0000,2.5000,0.47542,0.45,0.50,FuuA,220.59912,113.72898,33.08987,He3,K+
233,11,0.181,0.00,0.25,0.60354,0.525,0.50,0.55,2.2116,2.0000,2.5000,0.52237,0.50,0.55,FuuA,186.23006,111.88623,27.93451,He3,K+
234,11,0.181,0.00,0.25,0.60598,0.525,0.50,0.55,2.2099,2.0000,2.5000,0.57048,0.55,0.60,FuuA,154.20131,127.12364,23.13020,He3,K+
235,11,0.181,0.00,0.25,0.60660,0.525,0.50,0.55,2.2070,2.0000,2.5000,0.64477,0.60,0.70,FuuA,112.53607,94.29698,16.88041,He3,K+
236,11,0.181,0.00,0.25,0.60446,0.525,0.50,0.55,2.2079,2.0000,2.5000,0.75229,0.70,0.80,FuuA,66.16263,123.01145,9.92439,He3,K+
237,11,0.175,0.00,0.25,0.62110,0.525,0.50,0.55,2.2110,2.0000,2.5000,0.93202,0.80,1.60,FuuA,25.53581,115.19279,3.83037,He3,K+
238,11,0.212,0.00,0.25,0.50946,0.574,0.55,0.60,2.2127,2.0000,2.5000,0.07029,0.00,0.10,FuuA,445.41263,136.83970,66.81189,He3,K+
239,11,0.210,0.00,0.25,0.51872,0.575,0.55,0.60,2.2161,2.0000,2.5000,0.12977,0.10,0.15,FuuA,423.69484,137.08658,63.55423,He3,K+
240,11,0.205,0.00,0.25,0.53069,0.575,0.55,0.60,2.2172,2.0000,2.5000,0.17708,0.15,0.20,FuuA,399.33034,116.36454,59.89955,He3,K+
241,11,0.200,0.00,0.25,0.54603,0.575,0.55,0.60,2.2179,2.0000,2.5000,0.22776,0.20,0.25,FuuA,368.63520,105.28677,55.29528,He3,K+
242,11,0.195,0.00,0.25,0.56003,0.575,0.55,0.60,2.2181,2.0000,2.5000,0.27845,0.25,0.30,FuuA,335.43410,104.17261,50.31512,He3,K+
243,11,0.192,0.00,0.25,0.57119,0.575,0.55,0.60,2.2176,2.0000,2.5000,0.32662,0.30,0.35,FuuA,302.86855,104.26386,45.43028,He3,K+
244,11,0.189,0.00,0.25,0.57979,0.575,0.55,0.60,2.2167,2.0000,2.5000,0.37457,0.35,0.40,FuuA,270.25764,102.66685,40.53865,He3,K+
245,11,0.186,0.00,0.25,0.58745,0.575,0.55,0.60,2.2157,2.0000,2.5000,0.42421,0.40,0.45,FuuA,236.78257,102.85959,35.51739,He3,K+
246,11,0.184,0.00,0.25,0.59417,0.575,0.55,0.60,2.2148,2.0000,2.5000,0.47700,0.45,0.50,FuuA,202.43016,102.32106,30.36452,He3,K+
247,11,0.183,0.00,0.25,0.59968,0.575,0.55,0.60,2.2126,2.0000,2.5000,0.52943,0.50,0.55,FuuA,170.51883,114.07365,25.57782,He3,K+
248,11,0.182,0.00,0.25,0.60321,0.575,0.55,0.60,2.2116,2.0000,2.5000,0.57557,0.55,0.60,FuuA,144.56770,130.31716,21.68515,He3,K+
249,11,0.180,0.00,0.25,0.60751,0.575,0.55,0.60,2.2099,2.0000,2.5000,0.64737,0.60,0.70,FuuA,109.48515,92.93126,16.42277,He3,K+
250,11,0.179,0.00,0.25,0.61220,0.575,0.55,0.60,2.2100,2.0000,2.5000,0.74203,0.70,0.80,FuuA,71.71348,131.29229,10.75702,He3,K+
251,11,0.172,0.00,0.25,0.63098,0.575,0.55,0.60,2.2084,2.0000,2.5000,0.91929,0.80,1.60,FuuA,31.83751,102.90960,4.77563,He3,K+
