i,Ebeam,x,xl,xr,y,z,zl,zr,Q2,Q2l,Q2r,pT,pTl,pTr,obs,value,stat,syst,target,hadron
0,11,0.267,0.25,0.50,0.41153,0.323,0.30,0.35,1.8129,1.5000,2.0000,0.07000,0.00,0.10,FuuA,3853.06210,122.27160,385.30621,He3,pi-
1,11,0.269,0.25,0.50,0.40733,0.324,0.30,0.35,1.8070,1.5000,2.0000,0.13489,0.10,0.15,FuuA,3567.84694,123.82920,356.78469,He3,pi-
2,11,0.269,0.25,0.50,0.40797,0.324,0.30,0.35,1.8079,1.5000,2.0000,0.20176,0.20,0.25,FuuA,3139.89554,122.66100,313.98955,He3,pi-
3,11,0.269,0.25,0.50,0.40807,0.324,0.30,0.35,1.8078,1.5000,2.0000,0.28595,0.25,0.30,FuuA,2493.83860,122.27160,249.38386,He3,pi-
4,11,0.268,0.25,0.50,0.40751,0.324,0.30,0.35,1.8042,1.5000,2.0000,0.38764,0.35,0.40,FuuA,1709.29542,124.21860,170.92954,He3,pi-
5,11,0.269,0.25,0.50,0.40916,0.325,0.30,0.35,1.8129,1.5000,2.0000,0.50043,0.50,0.55,FuuA,952.26910,126.94440,95.22691,He3,pi-
6,11,0.266,0.25,0.50,0.42946,0.336,0.30,0.35,1.8856,1.5000,2.0000,0.60184,0.55,1.60,FuuA,439.34806,485.58180,43.93481,He3,pi-
7,11,0.267,0.25,0.50,0.41155,0.373,0.35,0.40,1.8128,1.5000,2.0000,0.08743,0.00,0.10,FuuA,2461.50306,123.43980,246.15031,He3,pi-
8,11,0.269,0.25,0.50,0.40728,0.374,0.35,0.40,1.8073,1.5000,2.0000,0.17156,0.15,0.20,FuuA,2205.86904,123.43980,220.58690,He3,pi-
9,11,0.269,0.25,0.50,0.40790,0.374,0.35,0.40,1.8078,1.5000,2.0000,0.26521,0.25,0.30,FuuA,1796.05444,123.82920,179.60544,He3,pi-
10,11,0.268,0.25,0.50,0.40769,0.374,0.35,0.40,1.8055,1.5000,2.0000,0.39237,0.35,0.40,FuuA,1183.08807,123.05040,118.30881,He3,pi-
11,11,0.267,0.25,0.50,0.41115,0.374,0.35,0.40,1.8142,1.5000,2.0000,0.55128,0.55,1.60,FuuA,548.57679,134.73240,54.85768,He3,pi-
12,11,0.267,0.25,0.50,0.41101,0.423,0.40,0.45,1.8110,1.5000,2.0000,0.10668,0.10,0.15,FuuA,1612.82105,125.77620,161.28211,He3,pi-
13,11,0.269,0.25,0.50,0.40683,0.424,0.40,0.45,1.8053,1.5000,2.0000,0.21464,0.20,0.25,FuuA,1382.35502,124.21860,138.23550,He3,pi-
14,11,0.269,0.25,0.50,0.40749,0.424,0.40,0.45,1.8052,1.5000,2.0000,0.35611,0.35,0.40,FuuA,963.07682,122.27160,96.30768,He3,pi-
15,11,0.267,0.25,0.50,0.41348,0.423,0.40,0.45,1.8180,1.5000,2.0000,0.54604,0.50,0.55,FuuA,440.40997,148.36140,44.04100,He3,pi-
16,11,0.267,0.25,0.50,0.41011,0.473,0.45,0.50,1.8094,1.5000,2.0000,0.13678,0.10,0.15,FuuA,1055.32696,121.88220,105.53270,He3,pi-
17,11,0.269,0.25,0.50,0.40702,0.474,0.45,0.50,1.8054,1.5000,2.0000,0.29380,0.25,0.30,FuuA,805.02648,123.05040,80.50265,He3,pi-
18,11,0.267,0.25,0.50,0.41389,0.473,0.45,0.50,1.8200,1.5000,2.0000,0.49348,0.45,0.50,FuuA,422.68115,152.64480,42.26811,He3,pi-
19,11,0.268,0.25,0.50,0.40948,0.524,0.50,0.55,1.8085,1.5000,2.0000,0.16693,0.15,0.20,FuuA,696.42137,123.82920,69.64214,He3,pi-
20,11,0.267,0.25,0.50,0.41243,0.523,0.50,0.55,1.8187,1.5000,2.0000,0.38745,0.35,0.40,FuuA,444.80462,130.44900,44.48046,He3,pi-
21,11,0.267,0.25,0.50,0.41089,0.573,0.55,0.60,1.8121,1.5000,2.0000,0.21197,0.20,0.25,FuuA,454.15829,123.05040,45.41583,He3,pi-
22,11,0.262,0.25,0.50,0.43196,0.570,0.55,0.60,1.8681,1.5000,2.0000,0.44163,0.40,0.45,FuuA,264.35939,295.16520,26.43594,He3,pi-
23,11,0.285,0.25,0.50,0.47836,0.323,0.30,0.35,2.2414,2.0000,2.5000,0.06808,0.00,0.10,FuuA,2247.03904,90.74663,224.70390,He3,pi-
24,11,0.291,0.25,0.50,0.46980,0.324,0.30,0.35,2.2408,2.0000,2.5000,0.12824,0.10,0.15,FuuA,2087.67734,111.36551,208.76773,He3,pi-
25,11,0.291,0.25,0.50,0.46929,0.324,0.30,0.35,2.2419,2.0000,2.5000,0.17454,0.15,0.20,FuuA,1920.59172,112.06232,192.05917,He3,pi-
26,11,0.290,0.25,0.50,0.47083,0.324,0.30,0.35,2.2412,2.0000,2.5000,0.22888,0.20,0.25,FuuA,1703.23752,111.63274,170.32375,He3,pi-
27,11,0.290,0.25,0.50,0.47120,0.324,0.30,0.35,2.2407,2.0000,2.5000,0.27538,0.25,0.30,FuuA,1493.36486,157.70700,149.33649,He3,pi-
28,11,0.290,0.25,0.50,0.47113,0.324,0.30,0.35,2.2405,2.0000,2.5000,0.32934,0.30,0.35,FuuA,1245.32068,110.50852,124.53207,He3,pi-
29,11,0.290,0.25,0.50,0.47083,0.324,0.30,0.35,2.2396,2.0000,2.5000,0.39102,0.35,0.40,FuuA,970.36698,157.31760,97.03670,He3,pi-
30,11,0.290,0.25,0.50,0.47048,0.324,0.30,0.35,2.2380,2.0000,2.5000,0.43838,0.40,0.45,FuuA,780.42570,156.14940,78.04257,He3,pi-
31,11,0.290,0.25,0.50,0.46893,0.323,0.30,0.35,2.2341,2.0000,2.5000,0.48851,0.45,0.50,FuuA,605.95387,158.87520,60.59539,He3,pi-
32,11,0.290,0.25,0.50,0.47028,0.324,0.30,0.35,2.2394,2.0000,2.5000,0.53869,0.50,0.55,FuuA,446.40307,160.43280,44.64031,He3,pi-
33,11,0.285,0.25,0.50,0.48314,0.329,0.30,0.35,2.2636,2.0000,2.5000,0.60660,0.55,1.60,FuuA,275.68399,177.17700,27.56840,He3,pi-
34,11,0.284,0.25,0.50,0.47977,0.373,0.35,0.40,2.2407,2.0000,2.5000,0.06796,0.00,0.10,FuuA,1451.01649,112.46702,145.10165,He3,pi-
35,11,0.289,0.25,0.50,0.47192,0.374,0.35,0.40,2.2404,2.0000,2.5000,0.13436,0.10,0.15,FuuA,1347.20577,112.20178,134.72058,He3,pi-
36,11,0.292,0.25,0.50,0.46785,0.374,0.35,0.40,2.2413,2.0000,2.5000,0.17847,0.15,0.20,FuuA,1247.94155,157.31760,124.79415,He3,pi-
37,11,0.291,0.25,0.50,0.46937,0.374,0.35,0.40,2.2414,2.0000,2.5000,0.22928,0.20,0.25,FuuA,1125.18395,112.33768,112.51839,He3,pi-
38,11,0.290,0.25,0.50,0.47080,0.374,0.35,0.40,2.2403,2.0000,2.5000,0.28793,0.25,0.30,FuuA,969.20386,158.87520,96.92039,He3,pi-
39,11,0.290,0.25,0.50,0.47050,0.374,0.35,0.40,2.2404,2.0000,2.5000,0.33360,0.30,0.35,FuuA,839.50618,158.48580,83.95062,He3,pi-
40,11,0.290,0.25,0.50,0.47075,0.374,0.35,0.40,2.2392,2.0000,2.5000,0.38533,0.35,0.40,FuuA,697.59498,160.04340,69.75950,He3,pi-
41,11,0.290,0.25,0.50,0.47034,0.374,0.35,0.40,2.2375,2.0000,2.5000,0.44538,0.40,0.45,FuuA,543.95682,158.09640,54.39568,He3,pi-
42,11,0.290,0.25,0.50,0.46940,0.374,0.35,0.40,2.2354,2.0000,2.5000,0.51683,0.50,0.55,FuuA,386.28412,162.37980,38.62841,He3,pi-
43,11,0.284,0.25,0.50,0.48031,0.375,0.35,0.40,2.2442,2.0000,2.5000,0.62632,0.55,1.60,FuuA,210.15748,136.83131,21.01575,He3,pi-
44,11,0.283,0.25,0.50,0.48221,0.423,0.40,0.45,2.2400,2.0000,2.5000,0.05901,0.00,0.10,FuuA,964.73632,158.87520,96.47363,He3,pi-
45,11,0.286,0.25,0.50,0.47663,0.423,0.40,0.45,2.2409,2.0000,2.5000,0.11208,0.10,0.15,FuuA,919.90716,159.65400,91.99072,He3,pi-
46,11,0.290,0.25,0.50,0.46997,0.424,0.40,0.45,2.2397,2.0000,2.5000,0.17183,0.15,0.20,FuuA,846.99519,112.19164,84.69952,He3,pi-
47,11,0.292,0.25,0.50,0.46805,0.424,0.40,0.45,2.2416,2.0000,2.5000,0.23401,0.20,0.25,FuuA,752.30628,158.87520,75.23063,He3,pi-
48,11,0.290,0.25,0.50,0.47002,0.424,0.40,0.45,2.2414,2.0000,2.5000,0.28412,0.25,0.30,FuuA,670.85457,157.70700,67.08546,He3,pi-
49,11,0.290,0.25,0.50,0.47049,0.424,0.40,0.45,2.2401,2.0000,2.5000,0.34350,0.30,0.35,FuuA,568.91599,156.92820,56.89160,He3,pi-
50,11,0.290,0.25,0.50,0.47067,0.424,0.40,0.45,2.2394,2.0000,2.5000,0.41331,0.40,0.45,FuuA,449.28250,159.65400,44.92825,He3,pi-
51,11,0.290,0.25,0.50,0.47055,0.424,0.40,0.45,2.2383,2.0000,2.5000,0.49945,0.45,0.50,FuuA,316.00109,160.43280,31.60011,He3,pi-
52,11,0.280,0.25,0.50,0.48614,0.424,0.40,0.45,2.2419,2.0000,2.5000,0.64360,0.55,1.60,FuuA,156.03311,149.15260,15.60331,He3,pi-
53,11,0.283,0.25,0.50,0.48173,0.473,0.45,0.50,2.2399,2.0000,2.5000,0.07275,0.00,0.10,FuuA,634.85011,159.26460,63.48501,He3,pi-
54,11,0.287,0.25,0.50,0.47523,0.474,0.45,0.50,2.2400,2.0000,2.5000,0.14079,0.10,0.15,FuuA,594.76953,157.31760,59.47695,He3,pi-
55,11,0.290,0.25,0.50,0.46960,0.474,0.45,0.50,2.2386,2.0000,2.5000,0.19466,0.15,0.20,FuuA,552.20439,159.65400,55.22044,He3,pi-
56,11,0.292,0.25,0.50,0.46759,0.474,0.45,0.50,2.2395,2.0000,2.5000,0.24902,0.20,0.25,FuuA,499.11786,162.76920,49.91179,He3,pi-
57,11,0.290,0.25,0.50,0.46988,0.474,0.45,0.50,2.2402,2.0000,2.5000,0.31431,0.30,0.35,FuuA,430.97949,158.87520,43.09795,He3,pi-
58,11,0.290,0.25,0.50,0.47031,0.474,0.45,0.50,2.2387,2.0000,2.5000,0.39629,0.35,0.40,FuuA,341.97035,159.26460,34.19703,He3,pi-
59,11,0.288,0.25,0.50,0.47368,0.474,0.45,0.50,2.2394,2.0000,2.5000,0.50552,0.50,0.55,FuuA,231.26033,158.87520,23.12603,He3,pi-
60,11,0.274,0.25,0.50,0.49727,0.473,0.45,0.50,2.2486,2.0000,2.5000,0.66737,0.55,1.60,FuuA,108.65383,207.93960,10.86538,He3,pi-
61,11,0.283,0.25,0.50,0.48110,0.523,0.50,0.55,2.2397,2.0000,2.5000,0.08968,0.00,0.10,FuuA,421.87907,159.26460,42.18791,He3,pi-
62,11,0.288,0.25,0.50,0.47362,0.524,0.50,0.55,2.2385,2.0000,2.5000,0.17471,0.15,0.20,FuuA,387.14397,159.65400,38.71440,He3,pi-
63,11,0.291,0.25,0.50,0.46780,0.524,0.50,0.55,2.2381,2.0000,2.5000,0.24808,0.20,0.25,FuuA,344.69025,158.09640,34.46902,He3,pi-
64,11,0.291,0.25,0.50,0.46931,0.524,0.50,0.55,2.2401,2.0000,2.5000,0.33395,0.30,0.35,FuuA,287.90193,160.04340,28.79019,He3,pi-
65,11,0.286,0.25,0.50,0.47602,0.523,0.50,0.55,2.2395,2.0000,2.5000,0.45356,0.45,0.50,FuuA,207.45472,157.70700,20.74547,He3,pi-
66,11,0.273,0.25,0.50,0.50059,0.523,0.50,0.55,2.2526,2.0000,2.5000,0.62576,0.55,1.60,FuuA,106.78826,225.46260,10.67883,He3,pi-
67,11,0.284,0.25,0.50,0.48033,0.573,0.55,0.60,2.2399,2.0000,2.5000,0.11082,0.10,0.15,FuuA,281.05082,158.48580,28.10508,He3,pi-
68,11,0.289,0.25,0.50,0.47165,0.573,0.55,0.60,2.2382,2.0000,2.5000,0.22149,0.20,0.25,FuuA,248.88947,159.26460,24.88895,He3,pi-
69,11,0.287,0.25,0.50,0.47461,0.573,0.55,0.60,2.2393,2.0000,2.5000,0.33660,0.30,0.35,FuuA,203.63789,157.70700,20.36379,He3,pi-
70,11,0.275,0.25,0.50,0.49713,0.572,0.55,0.60,2.2497,2.0000,2.5000,0.51778,0.50,0.55,FuuA,124.54321,187.69080,12.45432,He3,pi-
71,11,0.318,0.25,0.50,0.52111,0.323,0.30,0.35,2.7137,2.5000,3.0000,0.06468,0.00,0.10,FuuA,1350.48045,159.65400,135.04805,He3,pi-
72,11,0.323,0.25,0.50,0.51186,0.324,0.30,0.35,2.7071,2.5000,3.0000,0.12538,0.10,0.15,FuuA,1256.45804,160.04340,125.64580,He3,pi-
73,11,0.326,0.25,0.50,0.50744,0.324,0.30,0.35,2.7042,2.5000,3.0000,0.18172,0.15,0.20,FuuA,1134.25138,158.48580,113.42514,He3,pi-
74,11,0.325,0.25,0.50,0.50971,0.324,0.30,0.35,2.7061,2.5000,3.0000,0.25015,0.25,0.30,FuuA,960.97384,160.82220,96.09738,He3,pi-
75,11,0.324,0.25,0.50,0.51019,0.324,0.30,0.35,2.7058,2.5000,3.0000,0.33517,0.30,0.35,FuuA,727.21056,158.87520,72.72106,He3,pi-
76,11,0.325,0.25,0.50,0.50871,0.324,0.30,0.35,2.7027,2.5000,3.0000,0.44944,0.40,0.45,FuuA,440.88077,158.48580,44.08808,He3,pi-
77,11,0.320,0.25,0.50,0.51751,0.325,0.30,0.35,2.7125,2.5000,3.0000,0.58676,0.55,1.60,FuuA,195.44084,183.79680,19.54408,He3,pi-
78,11,0.318,0.25,0.50,0.52138,0.373,0.35,0.40,2.7144,2.5000,3.0000,0.08264,0.00,0.10,FuuA,850.33391,158.48580,85.03339,He3,pi-
79,11,0.325,0.25,0.50,0.50888,0.374,0.35,0.40,2.7038,2.5000,3.0000,0.16351,0.15,0.20,FuuA,764.72627,160.04340,76.47263,He3,pi-
80,11,0.326,0.25,0.50,0.50770,0.374,0.35,0.40,2.7046,2.5000,3.0000,0.24654,0.20,0.25,FuuA,642.16720,157.70700,64.21672,He3,pi-
81,11,0.325,0.25,0.50,0.50985,0.374,0.35,0.40,2.7061,2.5000,3.0000,0.36004,0.35,0.40,FuuA,454.09903,159.26460,45.40990,He3,pi-
82,11,0.323,0.25,0.50,0.51153,0.374,0.35,0.40,2.7027,2.5000,3.0000,0.53057,0.50,0.55,FuuA,213.02480,161.99040,21.30248,He3,pi-
83,11,0.303,0.25,0.50,0.54882,0.376,0.35,0.40,2.7376,2.5000,3.0000,0.71490,0.55,1.60,FuuA,66.31851,389.78940,6.63185,He3,pi-
84,11,0.319,0.25,0.50,0.52035,0.423,0.40,0.45,2.7135,2.5000,3.0000,0.10346,0.10,0.15,FuuA,546.16738,158.48580,54.61674,He3,pi-
85,11,0.326,0.25,0.50,0.50731,0.424,0.40,0.45,2.7035,2.5000,3.0000,0.21319,0.20,0.25,FuuA,463.90889,158.87520,46.39089,He3,pi-
86,11,0.325,0.25,0.50,0.50875,0.424,0.40,0.45,2.7050,2.5000,3.0000,0.34821,0.30,0.35,FuuA,329.90488,157.31760,32.99049,He3,pi-
87,11,0.317,0.25,0.50,0.52224,0.424,0.40,0.45,2.7118,2.5000,3.0000,0.57212,0.55,1.60,FuuA,131.63000,175.23000,13.16300,He3,pi-
88,11,0.319,0.25,0.50,0.51925,0.473,0.45,0.50,2.7124,2.5000,3.0000,0.12872,0.10,0.15,FuuA,352.38926,159.65400,35.23893,He3,pi-
89,11,0.326,0.25,0.50,0.50708,0.474,0.45,0.50,2.7030,2.5000,3.0000,0.28226,0.25,0.30,FuuA,271.97941,157.31760,27.19794,He3,pi-
90,11,0.317,0.25,0.50,0.52223,0.474,0.45,0.50,2.7128,2.5000,3.0000,0.52075,0.50,0.55,FuuA,127.04117,170.55720,12.70412,He3,pi-
91,11,0.320,0.25,0.50,0.51659,0.524,0.50,0.55,2.7087,2.5000,3.0000,0.16234,0.15,0.20,FuuA,227.72345,159.65400,22.77235,He3,pi-
92,11,0.321,0.25,0.50,0.51489,0.523,0.50,0.55,2.7065,2.5000,3.0000,0.40020,0.40,0.45,FuuA,141.26266,160.82220,14.12627,He3,pi-
93,11,0.294,0.25,0.50,0.56957,0.523,0.50,0.55,2.7557,2.5000,3.0000,0.71985,0.55,1.60,FuuA,39.16617,532.69920,3.91662,He3,pi-
94,11,0.320,0.25,0.50,0.51688,0.573,0.55,0.60,2.7074,2.5000,3.0000,0.20614,0.20,0.25,FuuA,146.37031,161.21160,14.63703,He3,pi-
95,11,0.306,0.25,0.50,0.54319,0.573,0.55,0.60,2.7275,2.5000,3.0000,0.49363,0.45,0.50,FuuA,77.53031,251.94180,7.75303,He3,pi-
