i,Ebeam,x,xl,xr,y,z,zl,zr,Q2,Q2l,Q2r,pT,pTl,pTr,obs,value,stat,syst,target,hadron
0,11,0.267,0.25,0.50,0.41585,0.315,0.30,0.35,1.8343,1.5000,2.0000,0.06857,0.00,0.10,FuuA,1261.07456,642.12060,189.16118,He3,K-
1,11,0.269,0.25,0.50,0.41336,0.316,0.30,0.35,1.8353,1.5000,2.0000,0.13465,0.10,0.15,FuuA,1178.37134,730.90380,176.75570,He3,K-
2,11,0.269,0.25,0.50,0.41378,0.316,0.30,0.35,1.8344,1.5000,2.0000,0.20213,0.20,0.25,FuuA,1033.35157,701.30940,155.00274,He3,K-
3,11,0.269,0.25,0.50,0.41363,0.316,0.30,0.35,1.8323,1.5000,2.0000,0.28654,0.25,0.30,FuuA,816.71722,672.88320,122.50758,He3,K-
4,11,0.268,0.25,0.50,0.41327,0.315,0.30,0.35,1.8291,1.5000,2.0000,0.38919,0.35,0.40,FuuA,546.91517,633.16440,82.03728,He3,K-
5,11,0.264,0.25,0.50,0.43126,0.318,0.30,0.35,1.8794,1.5000,2.0000,0.48361,0.45,0.50,FuuA,322.53038,933.78120,48.37956,He3,K-
6,11,0.257,0.25,0.50,0.45802,0.338,0.30,0.35,1.9419,1.5000,2.0000,0.59738,0.55,1.60,FuuA,174.05467,9578.46120,26.10820,He3,K-
7,11,0.266,0.25,0.50,0.41289,0.374,0.35,0.40,1.8131,1.5000,2.0000,0.08655,0.00,0.10,FuuA,1293.28252,954.03000,193.99238,He3,K-
8,11,0.268,0.25,0.50,0.40956,0.376,0.35,0.40,1.8098,1.5000,2.0000,0.17124,0.15,0.20,FuuA,1158.83081,1011.27180,173.82462,He3,K-
9,11,0.267,0.25,0.50,0.41026,0.375,0.35,0.40,1.8100,1.5000,2.0000,0.26567,0.25,0.30,FuuA,942.37399,991.02300,141.35610,He3,K-
10,11,0.267,0.25,0.50,0.41120,0.375,0.35,0.40,1.8107,1.5000,2.0000,0.39098,0.35,0.40,FuuA,623.62196,967.65900,93.54329,He3,K-
11,11,0.261,0.25,0.50,0.43327,0.375,0.35,0.40,1.8686,1.5000,2.0000,0.52929,0.50,0.55,FuuA,302.69363,1533.06780,45.40404,He3,K-
12,11,0.266,0.25,0.50,0.41236,0.425,0.40,0.45,1.8113,1.5000,2.0000,0.10574,0.10,0.15,FuuA,1013.15888,834.48420,151.97383,He3,K-
13,11,0.268,0.25,0.50,0.40887,0.426,0.40,0.45,1.8070,1.5000,2.0000,0.21491,0.20,0.25,FuuA,869.11989,860.18460,130.36798,He3,K-
14,11,0.267,0.25,0.50,0.41067,0.425,0.40,0.45,1.8098,1.5000,2.0000,0.35438,0.35,0.40,FuuA,607.35714,828.64320,91.10357,He3,K-
15,11,0.261,0.25,0.50,0.43368,0.424,0.40,0.45,1.8708,1.5000,2.0000,0.51737,0.50,0.55,FuuA,294.89454,1472.32140,44.23418,He3,K-
16,11,0.267,0.25,0.50,0.41166,0.475,0.45,0.50,1.8112,1.5000,2.0000,0.13547,0.10,0.15,FuuA,802.94599,693.52140,120.44190,He3,K-
17,11,0.268,0.25,0.50,0.40997,0.475,0.45,0.50,1.8095,1.5000,2.0000,0.29280,0.25,0.30,FuuA,614.60426,723.50520,92.19064,He3,K-
18,11,0.262,0.25,0.50,0.43091,0.474,0.45,0.50,1.8641,1.5000,2.0000,0.46664,0.45,0.50,FuuA,336.09531,1218.04320,50.41430,He3,K-
19,11,0.267,0.25,0.50,0.41118,0.525,0.50,0.55,1.8081,1.5000,2.0000,0.16301,0.15,0.20,FuuA,646.84799,569.69220,97.02720,He3,K-
20,11,0.263,0.25,0.50,0.42512,0.524,0.50,0.55,1.8481,1.5000,2.0000,0.35866,0.35,0.40,FuuA,426.59296,782.69400,63.98894,He3,K-
21,11,0.263,0.25,0.50,0.42468,0.573,0.55,0.60,1.8450,1.5000,2.0000,0.19128,0.15,0.20,FuuA,513.97028,560.34660,77.09554,He3,K-
22,11,0.257,0.25,0.50,0.45076,0.570,0.55,0.60,1.9156,1.5000,2.0000,0.42309,0.40,0.45,FuuA,295.65454,1950.50460,44.34818,He3,K-
23,11,0.285,0.25,0.50,0.48208,0.317,0.30,0.35,2.2589,2.0000,2.5000,0.06728,0.00,0.10,FuuA,603.97295,365.07368,90.59594,He3,K-
24,11,0.290,0.25,0.50,0.47499,0.318,0.30,0.35,2.2612,2.0000,2.5000,0.12793,0.10,0.15,FuuA,562.45320,471.94242,84.36798,He3,K-
25,11,0.289,0.25,0.50,0.47642,0.318,0.30,0.35,2.2609,2.0000,2.5000,0.17477,0.15,0.20,FuuA,519.06342,477.99710,77.85951,He3,K-
26,11,0.289,0.25,0.50,0.47700,0.318,0.30,0.35,2.2597,2.0000,2.5000,0.22905,0.20,0.25,FuuA,459.00424,466.96855,68.85064,He3,K-
27,11,0.288,0.25,0.50,0.47721,0.318,0.30,0.35,2.2595,2.0000,2.5000,0.27539,0.25,0.30,FuuA,401.93998,651.07680,60.29100,He3,K-
28,11,0.289,0.25,0.50,0.47681,0.318,0.30,0.35,2.2588,2.0000,2.5000,0.32972,0.30,0.35,FuuA,333.50109,447.73204,50.02516,He3,K-
29,11,0.289,0.25,0.50,0.47595,0.317,0.30,0.35,2.2559,2.0000,2.5000,0.39129,0.35,0.40,FuuA,259.62074,617.19900,38.94311,He3,K-
30,11,0.287,0.25,0.50,0.47760,0.317,0.30,0.35,2.2513,2.0000,2.5000,0.43856,0.40,0.45,FuuA,208.99022,598.11840,31.34853,He3,K-
31,11,0.283,0.25,0.50,0.48490,0.317,0.30,0.35,2.2580,2.0000,2.5000,0.48759,0.45,0.50,FuuA,160.12984,629.65980,24.01948,He3,K-
32,11,0.279,0.25,0.50,0.49534,0.319,0.30,0.35,2.2728,2.0000,2.5000,0.53692,0.50,0.55,FuuA,118.69577,751.15260,17.80437,He3,K-
33,11,0.273,0.25,0.50,0.51182,0.324,0.30,0.35,2.3042,2.0000,2.5000,0.59678,0.55,1.60,FuuA,80.76232,1086.03660,12.11435,He3,K-
34,11,0.281,0.25,0.50,0.48423,0.374,0.35,0.40,2.2376,2.0000,2.5000,0.06753,0.00,0.10,FuuA,755.53493,867.61771,113.33024,He3,K-
35,11,0.285,0.25,0.50,0.47719,0.375,0.35,0.40,2.2370,2.0000,2.5000,0.13400,0.10,0.15,FuuA,704.57658,894.30575,105.68649,He3,K-
36,11,0.287,0.25,0.50,0.47473,0.375,0.35,0.40,2.2379,2.0000,2.5000,0.17842,0.15,0.20,FuuA,655.04950,1280.34720,98.25743,He3,K-
37,11,0.286,0.25,0.50,0.47652,0.375,0.35,0.40,2.2381,2.0000,2.5000,0.22963,0.20,0.25,FuuA,589.95023,902.28317,88.49253,He3,K-
38,11,0.286,0.25,0.50,0.47675,0.375,0.35,0.40,2.2372,2.0000,2.5000,0.28812,0.25,0.30,FuuA,507.80172,1262.04540,76.17026,He3,K-
39,11,0.286,0.25,0.50,0.47697,0.375,0.35,0.40,2.2376,2.0000,2.5000,0.33368,0.30,0.35,FuuA,440.24890,1236.34500,66.03733,He3,K-
40,11,0.285,0.25,0.50,0.47715,0.375,0.35,0.40,2.2365,2.0000,2.5000,0.38537,0.35,0.40,FuuA,365.87731,1241.01780,54.88160,He3,K-
41,11,0.284,0.25,0.50,0.47937,0.375,0.35,0.40,2.2354,2.0000,2.5000,0.44518,0.40,0.45,FuuA,285.86736,1230.50400,42.88010,He3,K-
42,11,0.279,0.25,0.50,0.48626,0.374,0.35,0.40,2.2339,2.0000,2.5000,0.51635,0.50,0.55,FuuA,203.72546,1289.69280,30.55882,He3,K-
43,11,0.271,0.25,0.50,0.50337,0.376,0.35,0.40,2.2513,2.0000,2.5000,0.61797,0.55,1.60,FuuA,114.30127,1238.92419,17.14519,He3,K-
44,11,0.280,0.25,0.50,0.48548,0.425,0.40,0.45,2.2373,2.0000,2.5000,0.05871,0.00,0.10,FuuA,603.89709,1039.69800,90.58456,He3,K-
45,11,0.283,0.25,0.50,0.48182,0.425,0.40,0.45,2.2386,2.0000,2.5000,0.11195,0.10,0.15,FuuA,577.35439,1059.16800,86.60316,He3,K-
46,11,0.286,0.25,0.50,0.47565,0.425,0.40,0.45,2.2375,2.0000,2.5000,0.17146,0.15,0.20,FuuA,533.81485,764.50107,80.07223,He3,K-
47,11,0.287,0.25,0.50,0.47513,0.425,0.40,0.45,2.2383,2.0000,2.5000,0.23411,0.20,0.25,FuuA,476.05713,1089.15180,71.40857,He3,K-
48,11,0.286,0.25,0.50,0.47588,0.425,0.40,0.45,2.2379,2.0000,2.5000,0.28436,0.25,0.30,FuuA,424.09616,1067.34540,63.61442,He3,K-
49,11,0.286,0.25,0.50,0.47637,0.425,0.40,0.45,2.2369,2.0000,2.5000,0.34366,0.30,0.35,FuuA,359.46005,1049.82240,53.91901,He3,K-
50,11,0.285,0.25,0.50,0.47862,0.425,0.40,0.45,2.2383,2.0000,2.5000,0.41305,0.40,0.45,FuuA,284.01608,1077.08040,42.60241,He3,K-
51,11,0.280,0.25,0.50,0.48664,0.425,0.40,0.45,2.2388,2.0000,2.5000,0.49818,0.45,0.50,FuuA,201.10309,1122.64020,30.16546,He3,K-
52,11,0.270,0.25,0.50,0.50629,0.425,0.40,0.45,2.2513,2.0000,2.5000,0.63072,0.55,1.60,FuuA,102.99490,1160.77356,15.44923,He3,K-
53,11,0.281,0.25,0.50,0.48515,0.475,0.45,0.50,2.2384,2.0000,2.5000,0.07240,0.00,0.10,FuuA,485.89755,885.49560,72.88463,He3,K-
54,11,0.284,0.25,0.50,0.48016,0.475,0.45,0.50,2.2376,2.0000,2.5000,0.14071,0.10,0.15,FuuA,457.81025,889.00020,68.67154,He3,K-
55,11,0.287,0.25,0.50,0.47478,0.475,0.45,0.50,2.2372,2.0000,2.5000,0.19453,0.15,0.20,FuuA,425.47675,912.36420,63.82151,He3,K-
56,11,0.288,0.25,0.50,0.47355,0.475,0.45,0.50,2.2381,2.0000,2.5000,0.24899,0.20,0.25,FuuA,385.52650,942.73740,57.82898,He3,K-
57,11,0.286,0.25,0.50,0.47589,0.475,0.45,0.50,2.2380,2.0000,2.5000,0.31427,0.30,0.35,FuuA,333.23841,908.47020,49.98576,He3,K-
58,11,0.283,0.25,0.50,0.48076,0.475,0.45,0.50,2.2378,2.0000,2.5000,0.39572,0.35,0.40,FuuA,265.28481,935.72820,39.79272,He3,K-
59,11,0.277,0.25,0.50,0.49146,0.475,0.45,0.50,2.2409,2.0000,2.5000,0.50451,0.50,0.55,FuuA,179.17553,978.95160,26.87633,He3,K-
60,11,0.266,0.25,0.50,0.51461,0.474,0.45,0.50,2.2618,2.0000,2.5000,0.65086,0.55,1.60,FuuA,88.91349,1454.79840,13.33702,He3,K-
61,11,0.281,0.25,0.50,0.48335,0.525,0.50,0.55,2.2334,2.0000,2.5000,0.08909,0.00,0.10,FuuA,400.01873,743.75400,60.00281,He3,K-
62,11,0.285,0.25,0.50,0.47763,0.525,0.50,0.55,2.2337,2.0000,2.5000,0.17476,0.15,0.20,FuuA,368.43250,756.21480,55.26488,He3,K-
63,11,0.287,0.25,0.50,0.47403,0.525,0.50,0.55,2.2339,2.0000,2.5000,0.24739,0.20,0.25,FuuA,330.17641,771.01200,49.52646,He3,K-
64,11,0.282,0.25,0.50,0.48119,0.525,0.50,0.55,2.2354,2.0000,2.5000,0.33352,0.30,0.35,FuuA,276.41147,805.66860,41.46172,He3,K-
65,11,0.276,0.25,0.50,0.49262,0.525,0.50,0.55,2.2392,2.0000,2.5000,0.45285,0.45,0.50,FuuA,197.40272,829.03260,29.61041,He3,K-
66,11,0.266,0.25,0.50,0.51558,0.524,0.50,0.55,2.2619,2.0000,2.5000,0.60849,0.55,1.60,FuuA,106.71408,1329.80100,16.00711,He3,K-
67,11,0.279,0.25,0.50,0.48725,0.575,0.55,0.60,2.2384,2.0000,2.5000,0.10930,0.10,0.15,FuuA,332.11691,599.28660,49.81754,He3,K-
68,11,0.281,0.25,0.50,0.48415,0.575,0.55,0.60,2.2373,2.0000,2.5000,0.22037,0.20,0.25,FuuA,296.29494,637.05840,44.44424,He3,K-
69,11,0.277,0.25,0.50,0.49157,0.575,0.55,0.60,2.2418,2.0000,2.5000,0.33644,0.30,0.35,FuuA,240.16847,662.36940,36.02527,He3,K-
70,11,0.268,0.25,0.50,0.51145,0.574,0.55,0.60,2.2582,2.0000,2.5000,0.50184,0.50,0.55,FuuA,151.67583,850.06020,22.75137,He3,K-
71,11,0.316,0.25,0.50,0.52280,0.319,0.30,0.35,2.7082,2.5000,3.0000,0.06426,0.00,0.10,FuuA,338.05202,588.38340,50.70780,He3,K-
72,11,0.322,0.25,0.50,0.51390,0.319,0.30,0.35,2.7033,2.5000,3.0000,0.12502,0.10,0.15,FuuA,314.17365,612.13680,47.12605,He3,K-
73,11,0.322,0.25,0.50,0.51394,0.319,0.30,0.35,2.7055,2.5000,3.0000,0.18198,0.15,0.20,FuuA,283.56385,620.31420,42.53458,He3,K-
74,11,0.321,0.25,0.50,0.51455,0.319,0.30,0.35,2.7034,2.5000,3.0000,0.25056,0.25,0.30,FuuA,240.28701,610.57920,36.04305,He3,K-
75,11,0.321,0.25,0.50,0.51431,0.319,0.30,0.35,2.7033,2.5000,3.0000,0.33569,0.30,0.35,FuuA,180.95848,591.10920,27.14377,He3,K-
76,11,0.318,0.25,0.50,0.51894,0.319,0.30,0.35,2.6995,2.5000,3.0000,0.44885,0.40,0.45,FuuA,110.26242,577.48020,16.53936,He3,K-
77,11,0.302,0.25,0.50,0.55023,0.321,0.30,0.35,2.7363,2.5000,3.0000,0.57690,0.55,1.60,FuuA,51.91188,825.91740,7.78678,He3,K-
78,11,0.313,0.25,0.50,0.53030,0.375,0.35,0.40,2.7162,2.5000,3.0000,0.08206,0.00,0.10,FuuA,442.33270,1294.36560,66.34990,He3,K-
79,11,0.318,0.25,0.50,0.52063,0.375,0.35,0.40,2.7072,2.5000,3.0000,0.16300,0.15,0.20,FuuA,400.11744,1358.22720,60.01762,He3,K-
80,11,0.318,0.25,0.50,0.52079,0.375,0.35,0.40,2.7090,2.5000,3.0000,0.24714,0.20,0.25,FuuA,335.52823,1337.97840,50.32923,He3,K-
81,11,0.317,0.25,0.50,0.52182,0.375,0.35,0.40,2.7090,2.5000,3.0000,0.36057,0.35,0.40,FuuA,237.66896,1315.00380,35.65034,He3,K-
82,11,0.307,0.25,0.50,0.53864,0.375,0.35,0.40,2.7160,2.5000,3.0000,0.52645,0.50,0.55,FuuA,114.13912,1404.17640,17.12087,He3,K-
83,11,0.292,0.25,0.50,0.57537,0.378,0.35,0.40,2.7719,2.5000,3.0000,0.71267,0.55,1.60,FuuA,34.39453,3476.95260,5.15918,He3,K-
84,11,0.313,0.25,0.50,0.52891,0.425,0.40,0.45,2.7146,2.5000,3.0000,0.10308,0.10,0.15,FuuA,345.28741,1104.33840,51.79311,He3,K-
85,11,0.319,0.25,0.50,0.51831,0.425,0.40,0.45,2.7067,2.5000,3.0000,0.21277,0.20,0.25,FuuA,295.06291,1144.44660,44.25944,He3,K-
86,11,0.318,0.25,0.50,0.52067,0.425,0.40,0.45,2.7079,2.5000,3.0000,0.34869,0.30,0.35,FuuA,209.87351,1112.51580,31.48103,He3,K-
87,11,0.303,0.25,0.50,0.54822,0.425,0.40,0.45,2.7272,2.5000,3.0000,0.56986,0.55,1.60,FuuA,84.24032,1307.60520,12.63605,He3,K-
88,11,0.314,0.25,0.50,0.52695,0.475,0.45,0.50,2.7131,2.5000,3.0000,0.12742,0.10,0.15,FuuA,274.60421,948.57840,41.19063,He3,K-
89,11,0.320,0.25,0.50,0.51720,0.475,0.45,0.50,2.7051,2.5000,3.0000,0.28185,0.25,0.30,FuuA,213.42694,958.31340,32.01404,He3,K-
90,11,0.304,0.25,0.50,0.54545,0.475,0.45,0.50,2.7253,2.5000,3.0000,0.51783,0.50,0.55,FuuA,100.20610,1097.32920,15.03091,He3,K-
91,11,0.315,0.25,0.50,0.52571,0.525,0.50,0.55,2.7107,2.5000,3.0000,0.15995,0.15,0.20,FuuA,222.12781,807.22620,33.31917,He3,K-
92,11,0.308,0.25,0.50,0.53714,0.525,0.50,0.55,2.7176,2.5000,3.0000,0.39871,0.35,0.40,FuuA,138.15156,880.43340,20.72273,He3,K-
93,11,0.287,0.25,0.50,0.58230,0.524,0.50,0.55,2.7620,2.5000,3.0000,0.70404,0.55,1.60,FuuA,40.42352,2981.24640,6.06353,He3,K-
94,11,0.309,0.25,0.50,0.53589,0.575,0.55,0.60,2.7161,2.5000,3.0000,0.19879,0.15,0.20,FuuA,179.95828,666.26340,26.99374,He3,K-
95,11,0.296,0.25,0.50,0.56349,0.575,0.55,0.60,2.7464,2.5000,3.0000,0.48912,0.45,0.50,FuuA,93.57769,1078.63800,14.03665,He3,K-
