i,Ebeam,x,xl,xr,y,z,zl,zr,Q2,Q2l,Q2r,pT,pTl,pTr,obs,value,stat,syst,target,hadron
0,11,0.139,0.00,0.25,0.48553,0.323,0.30,0.35,1.3654,1.0000,1.5000,0.06987,0.00,0.10,FuuA,8239.23070,50.05897,823.92307,He3,pi-
1,11,0.125,0.00,0.25,0.52578,0.323,0.30,0.35,1.3223,1.0000,1.5000,0.12789,0.10,0.15,FuuA,7819.43389,40.85957,781.94339,He3,pi-
2,11,0.115,0.00,0.25,0.55874,0.323,0.30,0.35,1.2955,1.0000,1.5000,0.17680,0.15,0.20,FuuA,7190.38175,31.31201,719.03817,He3,pi-
3,11,0.108,0.00,0.25,0.59003,0.323,0.30,0.35,1.2764,1.0000,1.5000,0.22586,0.20,0.25,FuuA,6391.91739,27.23849,639.19174,He3,pi-
4,11,0.102,0.00,0.25,0.61978,0.323,0.30,0.35,1.2616,1.0000,1.5000,0.27477,0.25,0.30,FuuA,5515.31570,24.20907,551.53157,He3,pi-
5,11,0.097,0.00,0.25,0.64533,0.323,0.30,0.35,1.2499,1.0000,1.5000,0.32464,0.30,0.35,FuuA,4616.27251,22.93094,461.62725,He3,pi-
6,11,0.094,0.00,0.25,0.66336,0.323,0.30,0.35,1.2432,1.0000,1.5000,0.37493,0.35,0.40,FuuA,3757.56187,22.88146,375.75619,He3,pi-
7,11,0.092,0.00,0.25,0.67602,0.324,0.30,0.35,1.2390,1.0000,1.5000,0.42496,0.40,0.45,FuuA,2981.00959,23.92815,298.10096,He3,pi-
8,11,0.091,0.00,0.25,0.68260,0.323,0.30,0.35,1.2360,1.0000,1.5000,0.47505,0.45,0.50,FuuA,2305.99949,24.80172,230.59995,He3,pi-
9,11,0.091,0.00,0.25,0.68703,0.324,0.30,0.35,1.2345,1.0000,1.5000,0.52536,0.50,0.55,FuuA,1730.23625,26.36614,173.02363,He3,pi-
10,11,0.089,0.00,0.25,0.69506,0.325,0.30,0.35,1.2332,1.0000,1.5000,0.57370,0.55,0.60,FuuA,1272.12706,30.57966,127.21271,He3,pi-
11,11,0.087,0.00,0.25,0.70608,0.326,0.30,0.35,1.2295,1.0000,1.5000,0.64086,0.60,0.70,FuuA,812.53401,28.06753,81.25340,He3,pi-
12,11,0.082,0.00,0.25,0.73822,0.328,0.30,0.35,1.2239,1.0000,1.5000,0.74024,0.70,0.80,FuuA,377.59179,51.09142,37.75918,He3,pi-
13,11,0.076,0.00,0.25,0.78566,0.334,0.30,0.35,1.2220,1.0000,1.5000,0.84320,0.80,1.60,FuuA,146.91200,133.95360,14.69120,He3,pi-
14,11,0.140,0.00,0.25,0.48066,0.373,0.35,0.40,1.3707,1.0000,1.5000,0.07002,0.00,0.10,FuuA,5421.36619,61.03542,542.13662,He3,pi-
15,11,0.128,0.00,0.25,0.51574,0.373,0.35,0.40,1.3310,1.0000,1.5000,0.12951,0.10,0.15,FuuA,5178.47923,50.66136,517.84792,He3,pi-
16,11,0.119,0.00,0.25,0.54374,0.373,0.35,0.40,1.3058,1.0000,1.5000,0.17827,0.15,0.20,FuuA,4820.99407,40.27269,482.09941,He3,pi-
17,11,0.112,0.00,0.25,0.57076,0.373,0.35,0.40,1.2868,1.0000,1.5000,0.22631,0.20,0.25,FuuA,4362.50176,34.95103,436.25018,He3,pi-
18,11,0.106,0.00,0.25,0.59752,0.373,0.35,0.40,1.2715,1.0000,1.5000,0.27501,0.25,0.30,FuuA,3836.15098,30.53795,383.61510,He3,pi-
19,11,0.101,0.00,0.25,0.62353,0.373,0.35,0.40,1.2589,1.0000,1.5000,0.32543,0.30,0.35,FuuA,3266.28930,28.20395,326.62893,He3,pi-
20,11,0.097,0.00,0.25,0.64482,0.373,0.35,0.40,1.2493,1.0000,1.5000,0.37454,0.35,0.40,FuuA,2726.72238,28.44393,272.67224,He3,pi-
21,11,0.094,0.00,0.25,0.66095,0.374,0.35,0.40,1.2429,1.0000,1.5000,0.42441,0.40,0.45,FuuA,2218.04829,27.50800,221.80483,He3,pi-
22,11,0.092,0.00,0.25,0.67332,0.374,0.35,0.40,1.2392,1.0000,1.5000,0.47556,0.45,0.50,FuuA,1748.91369,29.45226,174.89137,He3,pi-
23,11,0.091,0.00,0.25,0.68084,0.374,0.35,0.40,1.2363,1.0000,1.5000,0.52571,0.50,0.55,FuuA,1353.39531,31.09776,135.33953,He3,pi-
24,11,0.091,0.00,0.25,0.68377,0.374,0.35,0.40,1.2343,1.0000,1.5000,0.57488,0.55,0.60,FuuA,1028.99403,34.06514,102.89940,He3,pi-
25,11,0.090,0.00,0.25,0.69255,0.375,0.35,0.40,1.2326,1.0000,1.5000,0.64469,0.60,0.70,FuuA,672.85360,27.37953,67.28536,He3,pi-
26,11,0.087,0.00,0.25,0.70629,0.376,0.35,0.40,1.2284,1.0000,1.5000,0.74060,0.70,0.80,FuuA,344.96844,40.90976,34.49684,He3,pi-
27,11,0.082,0.00,0.25,0.74024,0.378,0.35,0.40,1.2228,1.0000,1.5000,0.85524,0.80,1.60,FuuA,144.93089,62.89597,14.49309,He3,pi-
28,11,0.141,0.00,0.25,0.47822,0.423,0.40,0.45,1.3729,1.0000,1.5000,0.07323,0.00,0.10,FuuA,3651.54339,70.73889,365.15434,He3,pi-
29,11,0.131,0.00,0.25,0.50546,0.423,0.40,0.45,1.3415,1.0000,1.5000,0.12915,0.10,0.15,FuuA,3516.55337,70.36800,351.65534,He3,pi-
30,11,0.123,0.00,0.25,0.53022,0.423,0.40,0.45,1.3167,1.0000,1.5000,0.17562,0.15,0.20,FuuA,3321.69646,49.67571,332.16965,He3,pi-
31,11,0.116,0.00,0.25,0.55548,0.423,0.40,0.45,1.2959,1.0000,1.5000,0.22596,0.20,0.25,FuuA,3040.03794,43.13658,304.00379,He3,pi-
32,11,0.110,0.00,0.25,0.57954,0.423,0.40,0.45,1.2804,1.0000,1.5000,0.27548,0.25,0.30,FuuA,2712.03444,38.11827,271.20344,He3,pi-
33,11,0.105,0.00,0.25,0.60401,0.423,0.40,0.45,1.2676,1.0000,1.5000,0.32568,0.30,0.35,FuuA,2354.81492,34.93077,235.48149,He3,pi-
34,11,0.100,0.00,0.25,0.62667,0.423,0.40,0.45,1.2571,1.0000,1.5000,0.37589,0.35,0.40,FuuA,1996.19152,33.66853,199.61915,He3,pi-
35,11,0.097,0.00,0.25,0.64586,0.424,0.40,0.45,1.2483,1.0000,1.5000,0.42600,0.40,0.45,FuuA,1656.92679,33.16269,165.69268,He3,pi-
36,11,0.094,0.00,0.25,0.66004,0.424,0.40,0.45,1.2424,1.0000,1.5000,0.47492,0.45,0.50,FuuA,1353.41083,34.96118,135.34108,He3,pi-
37,11,0.092,0.00,0.25,0.67124,0.424,0.40,0.45,1.2389,1.0000,1.5000,0.52470,0.50,0.55,FuuA,1077.66967,35.01626,107.76697,He3,pi-
38,11,0.091,0.00,0.25,0.67922,0.424,0.40,0.45,1.2363,1.0000,1.5000,0.57618,0.55,0.60,FuuA,832.35669,38.13249,83.23567,He3,pi-
39,11,0.091,0.00,0.25,0.68423,0.424,0.40,0.45,1.2338,1.0000,1.5000,0.64825,0.60,0.70,FuuA,562.55934,30.66514,56.25593,He3,pi-
40,11,0.089,0.00,0.25,0.69473,0.425,0.40,0.45,1.2316,1.0000,1.5000,0.74301,0.70,0.80,FuuA,310.43253,38.21427,31.04325,He3,pi-
41,11,0.086,0.00,0.25,0.71558,0.427,0.40,0.45,1.2258,1.0000,1.5000,0.87572,0.80,1.60,FuuA,129.10803,46.62786,12.91080,He3,pi-
42,11,0.143,0.00,0.25,0.47459,0.473,0.45,0.50,1.3772,1.0000,1.5000,0.07306,0.00,0.10,FuuA,2486.36855,86.30527,248.63685,He3,pi-
43,11,0.134,0.00,0.25,0.49797,0.473,0.45,0.50,1.3493,1.0000,1.5000,0.12950,0.10,0.15,FuuA,2405.03120,86.32107,240.50312,He3,pi-
44,11,0.126,0.00,0.25,0.52078,0.473,0.45,0.50,1.3247,1.0000,1.5000,0.17622,0.15,0.20,FuuA,2293.19667,61.55880,229.31967,He3,pi-
45,11,0.119,0.00,0.25,0.54331,0.473,0.45,0.50,1.3050,1.0000,1.5000,0.22533,0.20,0.25,FuuA,2128.61056,54.98784,212.86106,He3,pi-
46,11,0.113,0.00,0.25,0.56511,0.473,0.45,0.50,1.2885,1.0000,1.5000,0.27452,0.25,0.30,FuuA,1931.39670,46.49367,193.13967,He3,pi-
47,11,0.108,0.00,0.25,0.58792,0.473,0.45,0.50,1.2750,1.0000,1.5000,0.32586,0.30,0.35,FuuA,1702.08887,42.49418,170.20889,He3,pi-
48,11,0.103,0.00,0.25,0.60927,0.473,0.45,0.50,1.2643,1.0000,1.5000,0.37452,0.35,0.40,FuuA,1478.35375,42.48670,147.83537,He3,pi-
49,11,0.100,0.00,0.25,0.62888,0.474,0.45,0.50,1.2550,1.0000,1.5000,0.42436,0.40,0.45,FuuA,1254.19373,38.27228,125.41937,He3,pi-
50,11,0.097,0.00,0.25,0.64614,0.474,0.45,0.50,1.2470,1.0000,1.5000,0.47555,0.45,0.50,FuuA,1038.30891,40.36238,103.83089,He3,pi-
51,11,0.094,0.00,0.25,0.65901,0.474,0.45,0.50,1.2419,1.0000,1.5000,0.52504,0.50,0.55,FuuA,848.31407,40.91526,84.83141,He3,pi-
52,11,0.093,0.00,0.25,0.66930,0.474,0.45,0.50,1.2386,1.0000,1.5000,0.57535,0.55,0.60,FuuA,677.15628,43.05702,67.71563,He3,pi-
53,11,0.091,0.00,0.25,0.67965,0.474,0.45,0.50,1.2353,1.0000,1.5000,0.64863,0.60,0.70,FuuA,473.53584,33.95108,47.35358,He3,pi-
54,11,0.091,0.00,0.25,0.68582,0.474,0.45,0.50,1.2323,1.0000,1.5000,0.74770,0.70,0.80,FuuA,272.01112,40.31551,27.20111,He3,pi-
55,11,0.087,0.00,0.25,0.70462,0.476,0.45,0.50,1.2279,1.0000,1.5000,0.89868,0.80,1.60,FuuA,112.23489,40.42686,11.22349,He3,pi-
56,11,0.145,0.00,0.25,0.46879,0.523,0.50,0.55,1.3836,1.0000,1.5000,0.06260,0.00,0.10,FuuA,1723.60952,122.66100,172.36095,He3,pi-
57,11,0.136,0.00,0.25,0.49138,0.523,0.50,0.55,1.3566,1.0000,1.5000,0.12762,0.10,0.15,FuuA,1668.07136,86.03780,166.80714,He3,pi-
58,11,0.129,0.00,0.25,0.51319,0.523,0.50,0.55,1.3324,1.0000,1.5000,0.17649,0.15,0.20,FuuA,1599.30715,86.58066,159.93072,He3,pi-
59,11,0.122,0.00,0.25,0.53370,0.523,0.50,0.55,1.3125,1.0000,1.5000,0.22488,0.20,0.25,FuuA,1503.85506,62.08973,150.38551,He3,pi-
60,11,0.116,0.00,0.25,0.55405,0.523,0.50,0.55,1.2961,1.0000,1.5000,0.27405,0.25,0.30,FuuA,1382.30703,61.74146,138.23070,He3,pi-
61,11,0.111,0.00,0.25,0.57436,0.523,0.50,0.55,1.2823,1.0000,1.5000,0.32439,0.30,0.35,FuuA,1241.44312,49.50852,124.14431,He3,pi-
62,11,0.106,0.00,0.25,0.59521,0.523,0.50,0.55,1.2700,1.0000,1.5000,0.37685,0.35,0.40,FuuA,1087.02185,49.60912,108.70218,He3,pi-
63,11,0.102,0.00,0.25,0.61445,0.523,0.50,0.55,1.2610,1.0000,1.5000,0.42764,0.40,0.45,FuuA,935.57256,46.27040,93.55726,He3,pi-
64,11,0.099,0.00,0.25,0.63107,0.524,0.50,0.55,1.2532,1.0000,1.5000,0.47564,0.45,0.50,FuuA,798.05320,50.00933,79.80532,He3,pi-
65,11,0.097,0.00,0.25,0.64582,0.524,0.50,0.55,1.2466,1.0000,1.5000,0.52407,0.50,0.55,FuuA,669.24813,45.81638,66.92481,He3,pi-
66,11,0.094,0.00,0.25,0.65815,0.524,0.50,0.55,1.2413,1.0000,1.5000,0.57440,0.55,0.60,FuuA,547.59378,50.10081,54.75938,He3,pi-
67,11,0.092,0.00,0.25,0.67152,0.524,0.50,0.55,1.2371,1.0000,1.5000,0.64871,0.60,0.70,FuuA,396.04107,36.84287,39.60411,He3,pi-
68,11,0.091,0.00,0.25,0.68255,0.524,0.50,0.55,1.2333,1.0000,1.5000,0.74618,0.70,0.80,FuuA,242.47289,46.49234,24.24729,He3,pi-
69,11,0.088,0.00,0.25,0.69793,0.525,0.50,0.55,1.2274,1.0000,1.5000,0.91611,0.80,1.60,FuuA,101.47909,36.97631,10.14791,He3,pi-
70,11,0.144,0.00,0.25,0.47023,0.573,0.55,0.60,1.3821,1.0000,1.5000,0.07426,0.00,0.10,FuuA,1192.70499,124.21860,119.27050,He3,pi-
71,11,0.137,0.00,0.25,0.48872,0.573,0.55,0.60,1.3595,1.0000,1.5000,0.13291,0.10,0.15,FuuA,1161.70130,123.05040,116.17013,He3,pi-
72,11,0.130,0.00,0.25,0.50941,0.573,0.55,0.60,1.3361,1.0000,1.5000,0.18286,0.15,0.20,FuuA,1117.38465,87.00977,111.73847,He3,pi-
73,11,0.123,0.00,0.25,0.52832,0.573,0.55,0.60,1.3164,1.0000,1.5000,0.23014,0.20,0.25,FuuA,1060.37766,87.41466,106.03777,He3,pi-
74,11,0.118,0.00,0.25,0.54549,0.573,0.55,0.60,1.3017,1.0000,1.5000,0.27535,0.25,0.30,FuuA,991.11265,70.40546,99.11127,He3,pi-
75,11,0.113,0.00,0.25,0.56461,0.573,0.55,0.60,1.2876,1.0000,1.5000,0.32720,0.30,0.35,FuuA,899.20362,60.89946,89.92036,He3,pi-
76,11,0.109,0.00,0.25,0.58260,0.573,0.55,0.60,1.2762,1.0000,1.5000,0.37744,0.35,0.40,FuuA,803.53455,61.38329,80.35345,He3,pi-
77,11,0.105,0.00,0.25,0.60038,0.573,0.55,0.60,1.2665,1.0000,1.5000,0.42774,0.40,0.45,FuuA,704.97025,54.60165,70.49702,He3,pi-
78,11,0.102,0.00,0.25,0.61848,0.574,0.55,0.60,1.2583,1.0000,1.5000,0.47987,0.45,0.50,FuuA,603.65754,54.84287,60.36575,He3,pi-
79,11,0.099,0.00,0.25,0.63289,0.574,0.55,0.60,1.2512,1.0000,1.5000,0.52533,0.50,0.55,FuuA,520.60440,61.06734,52.06044,He3,pi-
80,11,0.096,0.00,0.25,0.64539,0.574,0.55,0.60,1.2452,1.0000,1.5000,0.57141,0.55,0.60,FuuA,442.11501,54.69733,44.21150,He3,pi-
81,11,0.094,0.00,0.25,0.66186,0.574,0.55,0.60,1.2391,1.0000,1.5000,0.64844,0.60,0.70,FuuA,327.52364,41.06523,32.75236,He3,pi-
82,11,0.091,0.00,0.25,0.67724,0.574,0.55,0.60,1.2340,1.0000,1.5000,0.74665,0.70,0.80,FuuA,210.61623,50.19162,21.06162,He3,pi-
83,11,0.088,0.00,0.25,0.69842,0.575,0.55,0.60,1.2241,1.0000,1.5000,0.94023,0.80,1.60,FuuA,86.89448,37.21034,8.68945,He3,pi-
84,11,0.188,0.00,0.25,0.45515,0.323,0.30,0.35,1.7276,1.5000,2.0000,0.06541,0.00,0.10,FuuA,5440.66591,32.50453,544.06659,He3,pi-
85,11,0.177,0.00,0.25,0.48923,0.324,0.30,0.35,1.7276,1.5000,2.0000,0.12596,0.10,0.15,FuuA,4937.02096,32.21481,493.70210,He3,pi-
86,11,0.165,0.00,0.25,0.52467,0.323,0.30,0.35,1.7270,1.5000,2.0000,0.17503,0.15,0.20,FuuA,4415.86616,29.31637,441.58662,He3,pi-
87,11,0.157,0.00,0.25,0.55493,0.323,0.30,0.35,1.7246,1.5000,2.0000,0.22523,0.20,0.25,FuuA,3852.43278,27.01936,385.24328,He3,pi-
88,11,0.151,0.00,0.25,0.57704,0.324,0.30,0.35,1.7218,1.5000,2.0000,0.27520,0.25,0.30,FuuA,3293.74715,27.21280,329.37471,He3,pi-
89,11,0.147,0.00,0.25,0.59249,0.324,0.30,0.35,1.7193,1.5000,2.0000,0.32455,0.30,0.35,FuuA,2758.70969,27.32033,275.87097,He3,pi-
90,11,0.145,0.00,0.25,0.60222,0.324,0.30,0.35,1.7174,1.5000,2.0000,0.37380,0.35,0.40,FuuA,2256.01717,29.02279,225.60172,He3,pi-
91,11,0.144,0.00,0.25,0.60721,0.324,0.30,0.35,1.7148,1.5000,2.0000,0.42356,0.40,0.45,FuuA,1797.83072,30.19606,179.78307,He3,pi-
92,11,0.145,0.00,0.25,0.60416,0.324,0.30,0.35,1.7114,1.5000,2.0000,0.47350,0.45,0.50,FuuA,1400.33406,33.46880,140.03341,He3,pi-
93,11,0.147,0.00,0.25,0.59633,0.324,0.30,0.35,1.7100,1.5000,2.0000,0.52353,0.50,0.55,FuuA,1063.91261,34.84445,106.39126,He3,pi-
94,11,0.146,0.00,0.25,0.59975,0.325,0.30,0.35,1.7138,1.5000,2.0000,0.57306,0.55,0.60,FuuA,778.46936,40.56152,77.84694,He3,pi-
95,11,0.140,0.00,0.25,0.62029,0.326,0.30,0.35,1.7201,1.5000,2.0000,0.63758,0.60,0.70,FuuA,499.09924,38.75714,49.90992,He3,pi-
96,11,0.129,0.00,0.25,0.66238,0.328,0.30,0.35,1.7228,1.5000,2.0000,0.72425,0.70,0.80,FuuA,252.97469,71.00288,25.29747,He3,pi-
97,11,0.119,0.00,0.25,0.70805,0.332,0.30,0.35,1.7222,1.5000,2.0000,0.81181,0.80,1.60,FuuA,115.96630,126.16560,11.59663,He3,pi-
98,11,0.189,0.00,0.25,0.45219,0.373,0.35,0.40,1.7267,1.5000,2.0000,0.06401,0.00,0.10,FuuA,3565.45762,40.45931,356.54576,He3,pi-
99,11,0.181,0.00,0.25,0.47624,0.373,0.35,0.40,1.7271,1.5000,2.0000,0.12402,0.10,0.15,FuuA,3288.74064,38.55833,328.87406,He3,pi-
100,11,0.171,0.00,0.25,0.50650,0.373,0.35,0.40,1.7269,1.5000,2.0000,0.17411,0.15,0.20,FuuA,2972.04714,34.92473,297.20471,He3,pi-
101,11,0.162,0.00,0.25,0.53701,0.373,0.35,0.40,1.7256,1.5000,2.0000,0.22516,0.20,0.25,FuuA,2619.85561,32.55297,261.98556,He3,pi-
102,11,0.155,0.00,0.25,0.56112,0.374,0.35,0.40,1.7231,1.5000,2.0000,0.27560,0.25,0.30,FuuA,2266.45563,32.32800,226.64556,He3,pi-
103,11,0.151,0.00,0.25,0.57855,0.374,0.35,0.40,1.7211,1.5000,2.0000,0.32472,0.30,0.35,FuuA,1929.11209,32.57727,192.91121,He3,pi-
104,11,0.148,0.00,0.25,0.59170,0.374,0.35,0.40,1.7189,1.5000,2.0000,0.37524,0.35,0.40,FuuA,1601.06491,32.57340,160.10649,He3,pi-
105,11,0.145,0.00,0.25,0.60103,0.374,0.35,0.40,1.7171,1.5000,2.0000,0.42643,0.40,0.45,FuuA,1293.44118,35.08353,129.34412,He3,pi-
106,11,0.144,0.00,0.25,0.60612,0.374,0.35,0.40,1.7147,1.5000,2.0000,0.47613,0.45,0.50,FuuA,1028.06519,38.10061,102.80652,He3,pi-
107,11,0.145,0.00,0.25,0.60542,0.374,0.35,0.40,1.7119,1.5000,2.0000,0.52646,0.50,0.55,FuuA,797.85160,40.66496,79.78516,He3,pi-
108,11,0.147,0.00,0.25,0.59798,0.374,0.35,0.40,1.7091,1.5000,2.0000,0.57593,0.55,0.60,FuuA,609.52206,46.16455,60.95221,He3,pi-
109,11,0.147,0.00,0.25,0.59825,0.374,0.35,0.40,1.7119,1.5000,2.0000,0.64664,0.60,0.70,FuuA,398.22746,36.80220,39.82275,He3,pi-
110,11,0.139,0.00,0.25,0.62447,0.376,0.35,0.40,1.7203,1.5000,2.0000,0.74662,0.70,0.80,FuuA,195.51126,55.18551,19.55113,He3,pi-
111,11,0.126,0.00,0.25,0.67738,0.379,0.35,0.40,1.7229,1.5000,2.0000,0.86596,0.80,1.60,FuuA,75.63183,97.29537,7.56318,He3,pi-
112,11,0.189,0.00,0.25,0.45003,0.423,0.40,0.45,1.7262,1.5000,2.0000,0.06343,0.00,0.10,FuuA,2385.58367,49.74084,238.55837,He3,pi-
113,11,0.183,0.00,0.25,0.46869,0.423,0.40,0.45,1.7264,1.5000,2.0000,0.12300,0.10,0.15,FuuA,2228.78162,46.26746,222.87816,He3,pi-
114,11,0.175,0.00,0.25,0.49329,0.424,0.40,0.45,1.7265,1.5000,2.0000,0.17465,0.15,0.20,FuuA,2032.38644,40.58994,203.23864,He3,pi-
115,11,0.166,0.00,0.25,0.52137,0.424,0.40,0.45,1.7262,1.5000,2.0000,0.22539,0.20,0.25,FuuA,1813.96057,40.23742,181.39606,He3,pi-
116,11,0.160,0.00,0.25,0.54502,0.424,0.40,0.45,1.7243,1.5000,2.0000,0.27438,0.25,0.30,FuuA,1596.90092,38.54082,159.69009,He3,pi-
117,11,0.154,0.00,0.25,0.56513,0.424,0.40,0.45,1.7222,1.5000,2.0000,0.32552,0.30,0.35,FuuA,1371.16118,36.86676,137.11612,He3,pi-
118,11,0.150,0.00,0.25,0.57989,0.424,0.40,0.45,1.7204,1.5000,2.0000,0.37485,0.35,0.40,FuuA,1162.51622,40.49941,116.25162,He3,pi-
119,11,0.148,0.00,0.25,0.59124,0.424,0.40,0.45,1.7184,1.5000,2.0000,0.42451,0.40,0.45,FuuA,965.80422,38.70377,96.58042,He3,pi-
120,11,0.146,0.00,0.25,0.59978,0.424,0.40,0.45,1.7166,1.5000,2.0000,0.47579,0.45,0.50,FuuA,780.40994,43.44135,78.04099,He3,pi-
121,11,0.145,0.00,0.25,0.60493,0.424,0.40,0.45,1.7150,1.5000,2.0000,0.52513,0.50,0.55,FuuA,622.90902,45.95097,62.29090,He3,pi-
122,11,0.145,0.00,0.25,0.60616,0.424,0.40,0.45,1.7129,1.5000,2.0000,0.57532,0.55,0.60,FuuA,485.53880,50.37820,48.55388,He3,pi-
123,11,0.147,0.00,0.25,0.59873,0.424,0.40,0.45,1.7093,1.5000,2.0000,0.64820,0.60,0.70,FuuA,329.61803,40.84858,32.96180,He3,pi-
124,11,0.145,0.00,0.25,0.60152,0.425,0.40,0.45,1.7128,1.5000,2.0000,0.74143,0.70,0.80,FuuA,184.15392,55.09101,18.41539,He3,pi-
125,11,0.136,0.00,0.25,0.63709,0.427,0.40,0.45,1.7193,1.5000,2.0000,0.86785,0.80,1.60,FuuA,79.19514,62.10106,7.91951,He3,pi-
126,11,0.190,0.00,0.25,0.44829,0.473,0.45,0.50,1.7258,1.5000,2.0000,0.06220,0.00,0.10,FuuA,1610.90783,61.62049,161.09078,He3,pi-
127,11,0.185,0.00,0.25,0.46351,0.473,0.45,0.50,1.7259,1.5000,2.0000,0.12248,0.10,0.15,FuuA,1518.90693,54.35414,151.89069,He3,pi-
128,11,0.178,0.00,0.25,0.48271,0.474,0.45,0.50,1.7259,1.5000,2.0000,0.17344,0.15,0.20,FuuA,1402.31102,49.93518,140.23110,He3,pi-
129,11,0.171,0.00,0.25,0.50717,0.474,0.45,0.50,1.7258,1.5000,2.0000,0.22436,0.20,0.25,FuuA,1266.77019,46.30923,126.67702,He3,pi-
130,11,0.163,0.00,0.25,0.53196,0.474,0.45,0.50,1.7250,1.5000,2.0000,0.27490,0.25,0.30,FuuA,1123.98316,45.97149,112.39832,He3,pi-
131,11,0.157,0.00,0.25,0.55329,0.474,0.45,0.50,1.7229,1.5000,2.0000,0.32620,0.30,0.35,FuuA,978.34557,43.09946,97.83456,He3,pi-
132,11,0.153,0.00,0.25,0.56933,0.474,0.45,0.50,1.7210,1.5000,2.0000,0.37606,0.35,0.40,FuuA,841.27424,46.92017,84.12742,He3,pi-
133,11,0.150,0.00,0.25,0.58131,0.474,0.45,0.50,1.7195,1.5000,2.0000,0.42369,0.40,0.45,FuuA,716.36478,46.61537,71.63648,He3,pi-
134,11,0.148,0.00,0.25,0.59121,0.474,0.45,0.50,1.7179,1.5000,2.0000,0.47207,0.45,0.50,FuuA,598.55569,49.63347,59.85557,He3,pi-
135,11,0.146,0.00,0.25,0.59894,0.474,0.45,0.50,1.7167,1.5000,2.0000,0.52178,0.50,0.55,FuuA,488.62711,50.23518,48.86271,He3,pi-
136,11,0.145,0.00,0.25,0.60388,0.474,0.45,0.50,1.7148,1.5000,2.0000,0.57355,0.55,0.60,FuuA,388.12935,54.92347,38.81294,He3,pi-
137,11,0.144,0.00,0.25,0.60693,0.474,0.45,0.50,1.7122,1.5000,2.0000,0.64519,0.60,0.70,FuuA,274.70809,45.81923,27.47081,He3,pi-
138,11,0.144,0.00,0.25,0.60459,0.474,0.45,0.50,1.7093,1.5000,2.0000,0.74348,0.70,0.80,FuuA,160.75352,55.03889,16.07535,He3,pi-
139,11,0.137,0.00,0.25,0.63038,0.476,0.45,0.50,1.7136,1.5000,2.0000,0.89671,0.80,1.60,FuuA,65.26872,57.16790,6.52687,He3,pi-
140,11,0.190,0.00,0.25,0.44757,0.523,0.50,0.55,1.7249,1.5000,2.0000,0.06550,0.00,0.10,FuuA,1097.67600,70.74034,109.76760,He3,pi-
141,11,0.186,0.00,0.25,0.45964,0.524,0.50,0.55,1.7247,1.5000,2.0000,0.12309,0.10,0.15,FuuA,1044.50853,70.41748,104.45085,He3,pi-
142,11,0.180,0.00,0.25,0.47637,0.524,0.50,0.55,1.7254,1.5000,2.0000,0.17502,0.15,0.20,FuuA,970.88159,54.94603,97.08816,He3,pi-
143,11,0.174,0.00,0.25,0.49702,0.524,0.50,0.55,1.7253,1.5000,2.0000,0.22445,0.20,0.25,FuuA,888.30858,61.07805,88.83086,He3,pi-
144,11,0.167,0.00,0.25,0.51995,0.524,0.50,0.55,1.7243,1.5000,2.0000,0.27455,0.25,0.30,FuuA,799.29507,49.77307,79.92951,He3,pi-
145,11,0.161,0.00,0.25,0.54124,0.524,0.50,0.55,1.7236,1.5000,2.0000,0.32633,0.30,0.35,FuuA,703.59744,55.19967,70.35974,He3,pi-
146,11,0.156,0.00,0.25,0.55853,0.524,0.50,0.55,1.7219,1.5000,2.0000,0.37654,0.35,0.40,FuuA,613.01915,50.04120,61.30191,He3,pi-
147,11,0.152,0.00,0.25,0.57235,0.524,0.50,0.55,1.7200,1.5000,2.0000,0.42870,0.40,0.45,FuuA,522.96426,54.03769,52.29643,He3,pi-
148,11,0.150,0.00,0.25,0.58280,0.524,0.50,0.55,1.7186,1.5000,2.0000,0.47424,0.45,0.50,FuuA,448.37723,60.33888,44.83772,He3,pi-
149,11,0.147,0.00,0.25,0.59192,0.524,0.50,0.55,1.7173,1.5000,2.0000,0.52309,0.50,0.55,FuuA,374.86263,54.65407,37.48626,He3,pi-
150,11,0.146,0.00,0.25,0.59928,0.524,0.50,0.55,1.7160,1.5000,2.0000,0.57700,0.55,0.60,FuuA,301.89518,61.64687,30.18952,He3,pi-
151,11,0.143,0.00,0.25,0.60873,0.524,0.50,0.55,1.7142,1.5000,2.0000,0.65041,0.60,0.70,FuuA,219.12308,49.72148,21.91231,He3,pi-
152,11,0.140,0.00,0.25,0.61833,0.524,0.50,0.55,1.7107,1.5000,2.0000,0.75116,0.70,0.80,FuuA,132.83455,61.36661,13.28345,He3,pi-
153,11,0.134,0.00,0.25,0.63710,0.525,0.50,0.55,1.7093,1.5000,2.0000,0.92442,0.80,1.60,FuuA,53.88012,57.51991,5.38801,He3,pi-
154,11,0.191,0.00,0.25,0.44617,0.573,0.55,0.60,1.7246,1.5000,2.0000,0.06447,0.00,0.10,FuuA,755.13847,86.59642,75.51385,He3,pi-
155,11,0.187,0.00,0.25,0.45693,0.573,0.55,0.60,1.7249,1.5000,2.0000,0.12036,0.10,0.15,FuuA,723.37976,86.86915,72.33798,He3,pi-
156,11,0.183,0.00,0.25,0.46912,0.574,0.55,0.60,1.7244,1.5000,2.0000,0.16733,0.15,0.20,FuuA,684.96139,70.89020,68.49614,He3,pi-
157,11,0.177,0.00,0.25,0.48787,0.574,0.55,0.60,1.7242,1.5000,2.0000,0.22269,0.20,0.25,FuuA,628.31084,60.35464,62.83108,He3,pi-
158,11,0.169,0.00,0.25,0.51096,0.574,0.55,0.60,1.7240,1.5000,2.0000,0.27917,0.25,0.30,FuuA,563.24937,61.13580,56.32494,He3,pi-
159,11,0.164,0.00,0.25,0.52961,0.574,0.55,0.60,1.7240,1.5000,2.0000,0.32527,0.30,0.35,FuuA,508.22480,70.65397,50.82248,He3,pi-
160,11,0.160,0.00,0.25,0.54516,0.574,0.55,0.60,1.7228,1.5000,2.0000,0.36955,0.35,0.40,FuuA,455.80389,61.47169,45.58039,He3,pi-
161,11,0.155,0.00,0.25,0.56079,0.574,0.55,0.60,1.7211,1.5000,2.0000,0.42058,0.40,0.45,FuuA,396.66141,60.41939,39.66614,He3,pi-
162,11,0.152,0.00,0.25,0.57453,0.574,0.55,0.60,1.7192,1.5000,2.0000,0.47431,0.45,0.50,FuuA,337.72988,60.24903,33.77299,He3,pi-
163,11,0.149,0.00,0.25,0.58523,0.574,0.55,0.60,1.7181,1.5000,2.0000,0.52375,0.50,0.55,FuuA,286.74720,71.09492,28.67472,He3,pi-
164,11,0.146,0.00,0.25,0.59435,0.574,0.55,0.60,1.7174,1.5000,2.0000,0.56947,0.55,0.60,FuuA,243.32458,70.51693,24.33246,He3,pi-
165,11,0.143,0.00,0.25,0.60865,0.574,0.55,0.60,1.7158,1.5000,2.0000,0.64078,0.60,0.70,FuuA,184.46938,55.18605,18.44694,He3,pi-
166,11,0.137,0.00,0.25,0.62748,0.574,0.55,0.60,1.7123,1.5000,2.0000,0.74793,0.70,0.80,FuuA,115.08343,61.11475,11.50834,He3,pi-
167,11,0.130,0.00,0.25,0.65281,0.575,0.55,0.60,1.7064,1.5000,2.0000,0.94750,0.80,1.60,FuuA,44.70812,61.09025,4.47081,He3,pi-
168,11,0.210,0.00,0.25,0.51597,0.323,0.30,0.35,2.2132,2.0000,2.5000,0.06591,0.00,0.10,FuuA,3102.35356,47.30470,310.23536,He3,pi-
169,11,0.201,0.00,0.25,0.54367,0.323,0.30,0.35,2.2172,2.0000,2.5000,0.12579,0.10,0.15,FuuA,2850.33250,45.38546,285.03325,He3,pi-
170,11,0.193,0.00,0.25,0.56653,0.323,0.30,0.35,2.2167,2.0000,2.5000,0.17586,0.15,0.20,FuuA,2587.21211,40.42189,258.72121,He3,pi-
171,11,0.188,0.00,0.25,0.58255,0.323,0.30,0.35,2.2156,2.0000,2.5000,0.22511,0.20,0.25,FuuA,2296.93963,40.48320,229.69396,He3,pi-
172,11,0.184,0.00,0.25,0.59459,0.324,0.30,0.35,2.2138,2.0000,2.5000,0.27495,0.25,0.30,FuuA,1983.20508,38.90689,198.32051,He3,pi-
173,11,0.182,0.00,0.25,0.60271,0.324,0.30,0.35,2.2113,2.0000,2.5000,0.32572,0.30,0.35,FuuA,1663.34936,42.01308,166.33494,He3,pi-
174,11,0.181,0.00,0.25,0.60629,0.324,0.30,0.35,2.2077,2.0000,2.5000,0.37506,0.35,0.40,FuuA,1367.90310,45.12915,136.79031,He3,pi-
175,11,0.181,0.00,0.25,0.60492,0.324,0.30,0.35,2.2053,2.0000,2.5000,0.42493,0.40,0.45,FuuA,1093.93180,49.63455,109.39318,He3,pi-
176,11,0.182,0.00,0.25,0.60033,0.324,0.30,0.35,2.2050,2.0000,2.5000,0.47406,0.45,0.50,FuuA,855.52017,56.73223,85.55202,He3,pi-
177,11,0.184,0.00,0.25,0.59432,0.324,0.30,0.35,2.2042,2.0000,2.5000,0.52378,0.50,0.55,FuuA,651.19177,59.88797,65.11918,He3,pi-
178,11,0.185,0.00,0.25,0.59097,0.323,0.30,0.35,2.2047,2.0000,2.5000,0.57447,0.55,0.60,FuuA,477.31501,65.36124,47.73150,He3,pi-
179,11,0.184,0.00,0.25,0.59601,0.325,0.30,0.35,2.2107,2.0000,2.5000,0.64048,0.60,0.70,FuuA,302.86629,59.06320,30.28663,He3,pi-
180,11,0.178,0.00,0.25,0.61696,0.328,0.30,0.35,2.2205,2.0000,2.5000,0.73282,0.70,0.80,FuuA,146.57374,92.00977,14.65737,He3,pi-
181,11,0.165,0.00,0.25,0.66155,0.334,0.30,0.35,2.2243,2.0000,2.5000,0.83513,0.80,1.60,FuuA,57.47902,240.64920,5.74790,He3,pi-
182,11,0.211,0.00,0.25,0.51269,0.373,0.35,0.40,2.2118,2.0000,2.5000,0.06421,0.00,0.10,FuuA,2013.34181,59.78915,201.33418,He3,pi-
183,11,0.204,0.00,0.25,0.53447,0.373,0.35,0.40,2.2163,2.0000,2.5000,0.12593,0.10,0.15,FuuA,1863.64092,52.45919,186.36409,He3,pi-
184,11,0.196,0.00,0.25,0.55675,0.373,0.35,0.40,2.2166,2.0000,2.5000,0.17533,0.15,0.20,FuuA,1707.94493,51.95765,170.79449,He3,pi-
185,11,0.191,0.00,0.25,0.57274,0.373,0.35,0.40,2.2164,2.0000,2.5000,0.22333,0.20,0.25,FuuA,1538.04375,47.09196,153.80437,He3,pi-
186,11,0.187,0.00,0.25,0.58575,0.374,0.35,0.40,2.2148,2.0000,2.5000,0.27500,0.25,0.30,FuuA,1342.89773,45.62067,134.28977,He3,pi-
187,11,0.184,0.00,0.25,0.59546,0.374,0.35,0.40,2.2130,2.0000,2.5000,0.32488,0.30,0.35,FuuA,1149.72141,49.83217,114.97214,He3,pi-
188,11,0.182,0.00,0.25,0.60234,0.374,0.35,0.40,2.2105,2.0000,2.5000,0.37414,0.35,0.40,FuuA,963.86026,49.80248,96.38603,He3,pi-
189,11,0.181,0.00,0.25,0.60580,0.374,0.35,0.40,2.2076,2.0000,2.5000,0.42547,0.40,0.45,FuuA,783.00018,54.90529,78.30002,He3,pi-
190,11,0.181,0.00,0.25,0.60525,0.374,0.35,0.40,2.2050,2.0000,2.5000,0.47686,0.45,0.50,FuuA,620.87259,60.09689,62.08726,He3,pi-
191,11,0.182,0.00,0.25,0.60176,0.374,0.35,0.40,2.2046,2.0000,2.5000,0.52709,0.50,0.55,FuuA,482.42799,70.45171,48.24280,He3,pi-
192,11,0.183,0.00,0.25,0.59720,0.374,0.35,0.40,2.2042,2.0000,2.5000,0.57467,0.55,0.60,FuuA,371.73537,79.36435,37.17354,He3,pi-
193,11,0.185,0.00,0.25,0.59091,0.374,0.35,0.40,2.2041,2.0000,2.5000,0.64964,0.60,0.70,FuuA,238.34191,59.96543,23.83419,He3,pi-
194,11,0.184,0.00,0.25,0.59614,0.375,0.35,0.40,2.2109,2.0000,2.5000,0.74300,0.70,0.80,FuuA,121.76873,92.30434,12.17687,He3,pi-
195,11,0.177,0.00,0.25,0.61841,0.378,0.35,0.40,2.2195,2.0000,2.5000,0.84733,0.80,1.60,FuuA,54.24910,115.07875,5.42491,He3,pi-
196,11,0.212,0.00,0.25,0.51085,0.423,0.40,0.45,2.2110,2.0000,2.5000,0.06630,0.00,0.10,FuuA,1329.49443,71.04378,132.94944,He3,pi-
197,11,0.207,0.00,0.25,0.52718,0.423,0.40,0.45,2.2151,2.0000,2.5000,0.12441,0.10,0.15,FuuA,1247.19824,69.33667,124.71982,He3,pi-
198,11,0.200,0.00,0.25,0.54614,0.423,0.40,0.45,2.2163,2.0000,2.5000,0.17255,0.15,0.20,FuuA,1155.06649,59.70364,115.50665,He3,pi-
199,11,0.194,0.00,0.25,0.56423,0.424,0.40,0.45,2.2163,2.0000,2.5000,0.22300,0.20,0.25,FuuA,1045.99365,56.37883,104.59936,He3,pi-
200,11,0.189,0.00,0.25,0.57736,0.424,0.40,0.45,2.2150,2.0000,2.5000,0.27318,0.25,0.30,FuuA,930.25395,55.42915,93.02539,He3,pi-
201,11,0.186,0.00,0.25,0.58813,0.424,0.40,0.45,2.2140,2.0000,2.5000,0.32415,0.30,0.35,FuuA,807.07130,55.07149,80.70713,He3,pi-
202,11,0.183,0.00,0.25,0.59643,0.424,0.40,0.45,2.2123,2.0000,2.5000,0.37425,0.35,0.40,FuuA,687.24227,59.18261,68.72423,He3,pi-
203,11,0.182,0.00,0.25,0.60240,0.424,0.40,0.45,2.2102,2.0000,2.5000,0.42511,0.40,0.45,FuuA,571.18526,59.84776,57.11853,He3,pi-
204,11,0.181,0.00,0.25,0.60557,0.424,0.40,0.45,2.2073,2.0000,2.5000,0.47524,0.45,0.50,FuuA,466.07792,70.27335,46.60779,He3,pi-
205,11,0.181,0.00,0.25,0.60544,0.424,0.40,0.45,2.2052,2.0000,2.5000,0.52604,0.50,0.55,FuuA,371.23656,70.49214,37.12366,He3,pi-
206,11,0.181,0.00,0.25,0.60329,0.424,0.40,0.45,2.2042,2.0000,2.5000,0.57593,0.55,0.60,FuuA,290.12064,91.10654,29.01206,He3,pi-
207,11,0.183,0.00,0.25,0.59737,0.424,0.40,0.45,2.2038,2.0000,2.5000,0.64363,0.60,0.70,FuuA,202.54730,70.20972,20.25473,He3,pi-
208,11,0.185,0.00,0.25,0.59001,0.424,0.40,0.45,2.2023,2.0000,2.5000,0.73697,0.70,0.80,FuuA,114.23004,91.49685,11.42300,He3,pi-
209,11,0.182,0.00,0.25,0.60296,0.426,0.40,0.45,2.2130,2.0000,2.5000,0.86675,0.80,1.60,FuuA,48.47562,88.83982,4.84756,He3,pi-
210,11,0.213,0.00,0.25,0.50889,0.473,0.45,0.50,2.2101,2.0000,2.5000,0.06274,0.00,0.10,FuuA,889.10607,91.86756,88.91061,He3,pi-
211,11,0.208,0.00,0.25,0.52167,0.473,0.45,0.50,2.2145,2.0000,2.5000,0.12269,0.10,0.15,FuuA,839.72772,79.27498,83.97277,He3,pi-
212,11,0.202,0.00,0.25,0.53941,0.474,0.45,0.50,2.2155,2.0000,2.5000,0.17489,0.15,0.20,FuuA,779.56551,70.13048,77.95655,He3,pi-
213,11,0.196,0.00,0.25,0.55666,0.474,0.45,0.50,2.2161,2.0000,2.5000,0.22338,0.20,0.25,FuuA,714.80517,71.29044,71.48052,He3,pi-
214,11,0.192,0.00,0.25,0.56996,0.474,0.45,0.50,2.2151,2.0000,2.5000,0.27182,0.25,0.30,FuuA,645.62751,64.55268,64.56275,He3,pi-
215,11,0.188,0.00,0.25,0.58135,0.474,0.45,0.50,2.2144,2.0000,2.5000,0.32332,0.30,0.35,FuuA,568.12739,64.66304,56.81274,He3,pi-
216,11,0.185,0.00,0.25,0.59054,0.474,0.45,0.50,2.2134,2.0000,2.5000,0.37665,0.35,0.40,FuuA,487.19004,64.16503,48.71900,He3,pi-
217,11,0.183,0.00,0.25,0.59741,0.474,0.45,0.50,2.2124,2.0000,2.5000,0.42450,0.40,0.45,FuuA,416.33819,78.82481,41.63382,He3,pi-
218,11,0.182,0.00,0.25,0.60201,0.474,0.45,0.50,2.2100,2.0000,2.5000,0.47136,0.45,0.50,FuuA,351.61806,71.73653,35.16181,He3,pi-
219,11,0.181,0.00,0.25,0.60530,0.474,0.45,0.50,2.2075,2.0000,2.5000,0.52568,0.50,0.55,FuuA,282.80499,78.64752,28.28050,He3,pi-
220,11,0.181,0.00,0.25,0.60590,0.474,0.45,0.50,2.2049,2.0000,2.5000,0.57762,0.55,0.60,FuuA,224.97225,91.65041,22.49723,He3,pi-
221,11,0.182,0.00,0.25,0.60274,0.474,0.45,0.50,2.2036,2.0000,2.5000,0.64572,0.60,0.70,FuuA,162.21633,78.79851,16.22163,He3,pi-
222,11,0.184,0.00,0.25,0.59497,0.474,0.45,0.50,2.2030,2.0000,2.5000,0.74382,0.70,0.80,FuuA,94.88111,92.46708,9.48811,He3,pi-
223,11,0.181,0.00,0.25,0.60262,0.475,0.45,0.50,2.2094,2.0000,2.5000,0.90544,0.80,1.60,FuuA,36.26719,90.57349,3.62672,He3,pi-
224,11,0.213,0.00,0.25,0.50774,0.523,0.50,0.55,2.2091,2.0000,2.5000,0.06299,0.00,0.10,FuuA,599.52727,111.65311,59.95273,He3,pi-
225,11,0.209,0.00,0.25,0.51915,0.523,0.50,0.55,2.2130,2.0000,2.5000,0.12481,0.10,0.15,FuuA,568.42810,92.62537,56.84281,He3,pi-
226,11,0.204,0.00,0.25,0.53324,0.523,0.50,0.55,2.2149,2.0000,2.5000,0.17406,0.15,0.20,FuuA,533.83955,91.38900,53.38396,He3,pi-
227,11,0.199,0.00,0.25,0.54950,0.524,0.50,0.55,2.2153,2.0000,2.5000,0.22232,0.20,0.25,FuuA,493.84649,79.04279,49.38465,He3,pi-
228,11,0.194,0.00,0.25,0.56362,0.524,0.50,0.55,2.2149,2.0000,2.5000,0.27217,0.25,0.30,FuuA,449.34869,79.65837,44.93487,He3,pi-
229,11,0.190,0.00,0.25,0.57550,0.524,0.50,0.55,2.2144,2.0000,2.5000,0.32555,0.30,0.35,FuuA,398.69811,71.04936,39.86981,He3,pi-
230,11,0.187,0.00,0.25,0.58526,0.524,0.50,0.55,2.2134,2.0000,2.5000,0.37945,0.35,0.40,FuuA,346.61156,79.23382,34.66116,He3,pi-
231,11,0.185,0.00,0.25,0.59263,0.524,0.50,0.55,2.2123,2.0000,2.5000,0.42964,0.40,0.45,FuuA,298.90664,79.56947,29.89066,He3,pi-
232,11,0.183,0.00,0.25,0.59833,0.524,0.50,0.55,2.2107,2.0000,2.5000,0.47746,0.45,0.50,FuuA,255.45224,91.12583,25.54522,He3,pi-
233,11,0.181,0.00,0.25,0.60303,0.524,0.50,0.55,2.2093,2.0000,2.5000,0.52420,0.50,0.55,FuuA,215.72082,90.37382,21.57208,He3,pi-
234,11,0.181,0.00,0.25,0.60539,0.524,0.50,0.55,2.2068,2.0000,2.5000,0.57817,0.55,0.60,FuuA,174.49237,92.02512,17.44924,He3,pi-
235,11,0.181,0.00,0.25,0.60579,0.524,0.50,0.55,2.2038,2.0000,2.5000,0.64496,0.60,0.70,FuuA,130.64684,91.64657,13.06468,He3,pi-
236,11,0.182,0.00,0.25,0.60174,0.525,0.50,0.55,2.2033,2.0000,2.5000,0.74099,0.70,0.80,FuuA,81.98784,91.34900,8.19878,He3,pi-
237,11,0.179,0.00,0.25,0.61059,0.525,0.50,0.55,2.2079,2.0000,2.5000,0.93001,0.80,1.60,FuuA,29.82997,95.07179,2.98300,He3,pi-
238,11,0.212,0.00,0.25,0.50911,0.573,0.55,0.60,2.2099,2.0000,2.5000,0.07602,0.00,0.10,FuuA,402.55473,112.61304,40.25547,He3,pi-
239,11,0.210,0.00,0.25,0.51749,0.573,0.55,0.60,2.2125,2.0000,2.5000,0.12849,0.10,0.15,FuuA,386.44036,157.70700,38.64404,He3,pi-
240,11,0.206,0.00,0.25,0.52939,0.573,0.55,0.60,2.2141,2.0000,2.5000,0.17528,0.15,0.20,FuuA,365.69393,91.33499,36.56939,He3,pi-
241,11,0.201,0.00,0.25,0.54397,0.573,0.55,0.60,2.2149,2.0000,2.5000,0.22484,0.20,0.25,FuuA,340.46625,112.33262,34.04663,He3,pi-
242,11,0.196,0.00,0.25,0.55699,0.574,0.55,0.60,2.2147,2.0000,2.5000,0.26899,0.25,0.30,FuuA,315.66956,91.64932,31.56696,He3,pi-
243,11,0.192,0.00,0.25,0.56844,0.574,0.55,0.60,2.2148,2.0000,2.5000,0.31917,0.30,0.35,FuuA,285.66411,91.47565,28.56641,He3,pi-
244,11,0.189,0.00,0.25,0.57767,0.574,0.55,0.60,2.2135,2.0000,2.5000,0.36872,0.35,0.40,FuuA,255.30850,90.89272,25.53085,He3,pi-
245,11,0.186,0.00,0.25,0.58633,0.574,0.55,0.60,2.2129,2.0000,2.5000,0.41937,0.40,0.45,FuuA,223.99831,91.22750,22.39983,He3,pi-
246,11,0.184,0.00,0.25,0.59324,0.574,0.55,0.60,2.2118,2.0000,2.5000,0.47308,0.45,0.50,FuuA,191.60350,91.32771,19.16035,He3,pi-
247,11,0.183,0.00,0.25,0.59872,0.574,0.55,0.60,2.2100,2.0000,2.5000,0.52151,0.50,0.55,FuuA,163.98882,113.00973,16.39888,He3,pi-
248,11,0.182,0.00,0.25,0.60213,0.574,0.55,0.60,2.2091,2.0000,2.5000,0.56508,0.55,0.60,FuuA,140.74743,111.37776,14.07474,He3,pi-
249,11,0.181,0.00,0.25,0.60554,0.574,0.55,0.60,2.2064,2.0000,2.5000,0.64581,0.60,0.70,FuuA,103.47564,79.27517,10.34756,He3,pi-
250,11,0.180,0.00,0.25,0.60791,0.574,0.55,0.60,2.2050,2.0000,2.5000,0.75809,0.70,0.80,FuuA,62.50389,112.05725,6.25039,He3,pi-
251,11,0.174,0.00,0.25,0.62467,0.574,0.55,0.60,2.2065,2.0000,2.5000,0.94231,0.80,1.60,FuuA,25.91029,102.96030,2.59103,He3,pi-
