i,Ebeam,x,xl,xr,y,z,zl,zr,Q2,Q2l,Q2r,pT,pTl,pTr,obs,value,stat,syst,target,hadron
0,11,0.202,0.00,0.25,0.51889,0.343,0.30,0.40,1.7055,1.5000,2.0000,0.06654,0.00,0.10,FuuA,3660.23029,39.00406,366.02303,He3,pi-
1,11,0.194,0.00,0.25,0.53958,0.346,0.30,0.40,1.7007,1.5000,2.0000,0.12877,0.10,0.15,FuuA,3320.40397,40.95889,332.04040,He3,pi-
2,11,0.189,0.00,0.25,0.55554,0.346,0.30,0.40,1.6966,1.5000,2.0000,0.17786,0.15,0.20,FuuA,3053.63774,40.86548,305.36377,He3,pi-
3,11,0.185,0.00,0.25,0.56433,0.346,0.30,0.40,1.6912,1.5000,2.0000,0.22679,0.20,0.25,FuuA,2755.01097,40.68386,275.50110,He3,pi-
4,11,0.184,0.00,0.25,0.56677,0.343,0.30,0.40,1.6874,1.5000,2.0000,0.27629,0.25,0.30,FuuA,2453.06710,43.62719,245.30671,He3,pi-
5,11,0.185,0.00,0.25,0.56456,0.345,0.30,0.40,1.6867,1.5000,2.0000,0.32570,0.30,0.35,FuuA,2049.77028,46.69059,204.97703,He3,pi-
6,11,0.186,0.00,0.25,0.56131,0.349,0.30,0.40,1.6875,1.5000,2.0000,0.37489,0.35,0.40,FuuA,1660.53223,50.11444,166.05322,He3,pi-
7,11,0.187,0.00,0.25,0.55753,0.344,0.30,0.40,1.6870,1.5000,2.0000,0.42433,0.40,0.45,FuuA,1394.76974,54.67251,139.47697,He3,pi-
8,11,0.188,0.00,0.25,0.55451,0.343,0.30,0.40,1.6859,1.5000,2.0000,0.47304,0.45,0.50,FuuA,1103.16849,55.26512,110.31685,He3,pi-
9,11,0.186,0.00,0.25,0.56480,0.353,0.30,0.40,1.6956,1.5000,2.0000,0.57950,0.50,1.60,FuuA,603.25990,36.42046,60.32599,He3,pi-
10,11,0.203,0.00,0.25,0.51640,0.474,0.40,0.60,1.7055,1.5000,2.0000,0.06812,0.00,0.10,FuuA,1350.34896,46.42123,135.03490,He3,pi-
11,11,0.199,0.00,0.25,0.52678,0.488,0.40,0.60,1.7019,1.5000,2.0000,0.12955,0.10,0.15,FuuA,1145.54179,46.54485,114.55418,He3,pi-
12,11,0.194,0.00,0.25,0.53890,0.473,0.40,0.60,1.6989,1.5000,2.0000,0.17544,0.15,0.20,FuuA,1207.62103,46.49846,120.76210,He3,pi-
13,11,0.190,0.00,0.25,0.54976,0.480,0.40,0.60,1.6962,1.5000,2.0000,0.22280,0.20,0.25,FuuA,1056.65668,43.56458,105.66567,He3,pi-
14,11,0.187,0.00,0.25,0.55894,0.474,0.40,0.60,1.6920,1.5000,2.0000,0.26989,0.25,0.30,FuuA,999.38088,46.33818,99.93809,He3,pi-
15,11,0.186,0.00,0.25,0.56312,0.491,0.40,0.60,1.6892,1.5000,2.0000,0.32323,0.30,0.35,FuuA,791.74810,40.92571,79.17481,He3,pi-
16,11,0.185,0.00,0.25,0.56556,0.482,0.40,0.60,1.6860,1.5000,2.0000,0.37832,0.35,0.40,FuuA,707.90665,50.01644,70.79066,He3,pi-
17,11,0.185,0.00,0.25,0.56475,0.484,0.40,0.60,1.6860,1.5000,2.0000,0.42777,0.40,0.45,FuuA,600.97838,54.88634,60.09784,He3,pi-
18,11,0.186,0.00,0.25,0.56280,0.485,0.40,0.60,1.6854,1.5000,2.0000,0.47414,0.45,0.50,FuuA,491.27043,55.09101,49.12704,He3,pi-
19,11,0.183,0.00,0.25,0.57049,0.488,0.40,0.60,1.6894,1.5000,2.0000,0.64746,0.50,1.60,FuuA,250.91021,29.49987,25.09102,He3,pi-
20,11,0.231,0.00,0.25,0.55517,0.349,0.30,0.40,2.1087,2.0000,2.5000,0.06041,0.00,0.10,FuuA,2181.28028,111.65107,218.12803,He3,pi-
21,11,0.228,0.00,0.25,0.56073,0.340,0.30,0.40,2.1089,2.0000,2.5000,0.12727,0.10,0.15,FuuA,2171.26219,90.97594,217.12622,He3,pi-
22,11,0.227,0.00,0.25,0.56454,0.349,0.30,0.40,2.1065,2.0000,2.5000,0.18956,0.15,0.20,FuuA,1817.33424,113.16375,181.73342,He3,pi-
23,11,0.227,0.00,0.25,0.56336,0.324,0.30,0.40,2.1063,2.0000,2.5000,0.24248,0.20,0.25,FuuA,1932.84679,157.31760,193.28468,He3,pi-
24,11,0.227,0.00,0.25,0.56409,0.374,0.30,0.40,2.1062,2.0000,2.5000,0.25376,0.25,0.30,FuuA,1253.91219,159.26460,125.39122,He3,pi-
25,11,0.227,0.00,0.25,0.56264,0.349,0.30,0.40,2.1069,2.0000,2.5000,0.31770,0.30,0.35,FuuA,1301.20791,114.26817,130.12079,He3,pi-
26,11,0.228,0.00,0.25,0.56229,0.324,0.30,0.40,2.1068,2.0000,2.5000,0.37372,0.35,0.40,FuuA,1226.25336,156.53880,122.62534,He3,pi-
27,11,0.228,0.00,0.25,0.56211,0.350,0.30,0.40,2.1072,2.0000,2.5000,0.52724,0.40,1.60,FuuA,524.79320,77.00180,52.47932,He3,pi-
28,11,0.230,0.00,0.25,0.55579,0.424,0.40,0.60,2.1087,2.0000,2.5000,0.08224,0.00,0.10,FuuA,1113.21950,158.09640,111.32195,He3,pi-
29,11,0.230,0.00,0.25,0.55647,0.498,0.40,0.60,2.1088,2.0000,2.5000,0.11299,0.10,0.15,FuuA,610.84016,112.33262,61.08402,He3,pi-
30,11,0.229,0.00,0.25,0.55971,0.497,0.40,0.60,2.1083,2.0000,2.5000,0.16099,0.15,0.20,FuuA,675.30045,111.34713,67.53005,He3,pi-
31,11,0.227,0.00,0.25,0.56384,0.450,0.40,0.60,2.1069,2.0000,2.5000,0.22939,0.20,0.25,FuuA,748.09095,112.98760,74.80910,He3,pi-
32,11,0.227,0.00,0.25,0.56384,0.524,0.40,0.60,2.1060,2.0000,2.5000,0.27319,0.25,0.30,FuuA,392.76789,157.31760,39.27679,He3,pi-
33,11,0.227,0.00,0.25,0.56359,0.474,0.40,0.60,2.1063,2.0000,2.5000,0.33874,0.30,0.35,FuuA,480.43021,158.48580,48.04302,He3,pi-
34,11,0.227,0.00,0.25,0.56321,0.499,0.40,0.60,2.1057,2.0000,2.5000,0.36280,0.35,0.40,FuuA,440.26238,111.23932,44.02624,He3,pi-
35,11,0.227,0.00,0.25,0.56316,0.482,0.40,0.60,2.1061,2.0000,2.5000,0.58810,0.40,1.60,FuuA,205.06276,73.25876,20.50628,He3,pi-
