i,Ebeam,x,xl,xr,y,z,zl,zr,Q2,Q2l,Q2r,pT,pTl,pTr,obs,value,stat,syst,target,hadron
0,11,0.164,0.00,0.25,0.46507,0.324,0.30,0.35,1.2329,1.0000,1.5000,0.06474,0.00,0.10,FuuA,11387.71339,30.54478,1138.77134,He3,pi+
1,11,0.152,0.00,0.25,0.51057,0.324,0.30,0.35,1.2321,1.0000,1.5000,0.12558,0.10,0.15,FuuA,10065.31785,31.10479,1006.53179,He3,pi+
2,11,0.142,0.00,0.25,0.54518,0.324,0.30,0.35,1.2257,1.0000,1.5000,0.17459,0.15,0.20,FuuA,8943.25191,28.45307,894.32519,He3,pi+
3,11,0.136,0.00,0.25,0.56899,0.324,0.30,0.35,1.2205,1.0000,1.5000,0.22482,0.20,0.25,FuuA,7805.77392,26.87208,780.57739,He3,pi+
4,11,0.132,0.00,0.25,0.58381,0.324,0.30,0.35,1.2161,1.0000,1.5000,0.27536,0.25,0.30,FuuA,6675.27369,27.44056,667.52737,He3,pi+
5,11,0.131,0.00,0.25,0.59021,0.324,0.30,0.35,1.2115,1.0000,1.5000,0.32508,0.30,0.35,FuuA,5612.25244,28.54832,561.22524,He3,pi+
6,11,0.132,0.00,0.25,0.58749,0.324,0.30,0.35,1.2069,1.0000,1.5000,0.37457,0.35,0.40,FuuA,4642.06458,30.25158,464.20646,He3,pi+
7,11,0.134,0.00,0.25,0.57579,0.324,0.30,0.35,1.2050,1.0000,1.5000,0.42536,0.40,0.45,FuuA,3747.10935,30.32963,374.71094,He3,pi+
8,11,0.134,0.00,0.25,0.57992,0.325,0.30,0.35,1.2137,1.0000,1.5000,0.47549,0.45,0.50,FuuA,2863.73766,33.36327,286.37377,He3,pi+
9,11,0.129,0.00,0.25,0.60163,0.326,0.30,0.35,1.2216,1.0000,1.5000,0.52476,0.50,0.55,FuuA,2108.80355,40.24913,210.88035,He3,pi+
10,11,0.117,0.00,0.25,0.65208,0.329,0.30,0.35,1.2233,1.0000,1.5000,0.60071,0.55,1.60,FuuA,1285.56172,42.77860,128.55617,He3,pi+
11,11,0.165,0.00,0.25,0.46146,0.374,0.35,0.40,1.2315,1.0000,1.5000,0.06386,0.00,0.10,FuuA,7872.00995,36.54133,787.20099,He3,pi+
12,11,0.156,0.00,0.25,0.49554,0.374,0.35,0.40,1.2325,1.0000,1.5000,0.12496,0.10,0.15,FuuA,7071.11961,35.10424,707.11196,He3,pi+
13,11,0.146,0.00,0.25,0.53048,0.374,0.35,0.40,1.2277,1.0000,1.5000,0.17596,0.15,0.20,FuuA,6303.92163,32.54757,630.39216,He3,pi+
14,11,0.139,0.00,0.25,0.55558,0.374,0.35,0.40,1.2227,1.0000,1.5000,0.22488,0.20,0.25,FuuA,5567.92385,32.27276,556.79239,He3,pi+
15,11,0.135,0.00,0.25,0.57267,0.374,0.35,0.40,1.2186,1.0000,1.5000,0.27410,0.25,0.30,FuuA,4838.02481,30.86316,483.80248,He3,pi+
16,11,0.132,0.00,0.25,0.58396,0.374,0.35,0.40,1.2147,1.0000,1.5000,0.32451,0.30,0.35,FuuA,4112.77882,32.10811,411.27788,He3,pi+
17,11,0.131,0.00,0.25,0.58922,0.374,0.35,0.40,1.2108,1.0000,1.5000,0.37397,0.35,0.40,FuuA,3442.08097,33.74835,344.20810,He3,pi+
18,11,0.132,0.00,0.25,0.58722,0.374,0.35,0.40,1.2067,1.0000,1.5000,0.42383,0.40,0.45,FuuA,2829.06172,35.44789,282.90617,He3,pi+
19,11,0.134,0.00,0.25,0.57657,0.374,0.35,0.40,1.2038,1.0000,1.5000,0.47416,0.45,0.50,FuuA,2283.89575,37.49018,228.38958,He3,pi+
20,11,0.135,0.00,0.25,0.57463,0.374,0.35,0.40,1.2090,1.0000,1.5000,0.52509,0.50,0.55,FuuA,1763.30839,38.51681,176.33084,He3,pi+
21,11,0.126,0.00,0.25,0.61462,0.377,0.35,0.40,1.2202,1.0000,1.5000,0.62270,0.55,1.60,FuuA,1006.84004,31.16793,100.68400,He3,pi+
22,11,0.166,0.00,0.25,0.45933,0.424,0.40,0.45,1.2303,1.0000,1.5000,0.06340,0.00,0.10,FuuA,5518.14075,43.56411,551.81408,He3,pi+
23,11,0.159,0.00,0.25,0.48508,0.424,0.40,0.45,1.2315,1.0000,1.5000,0.12403,0.10,0.15,FuuA,5045.25610,40.72572,504.52561,He3,pi+
24,11,0.150,0.00,0.25,0.51555,0.424,0.40,0.45,1.2299,1.0000,1.5000,0.17392,0.15,0.20,FuuA,4541.72220,38.59189,454.17222,He3,pi+
25,11,0.142,0.00,0.25,0.54283,0.424,0.40,0.45,1.2243,1.0000,1.5000,0.22520,0.20,0.25,FuuA,4033.29118,35.02176,403.32912,He3,pi+
26,11,0.138,0.00,0.25,0.56206,0.424,0.40,0.45,1.2202,1.0000,1.5000,0.27547,0.25,0.30,FuuA,3533.36985,36.85159,353.33699,He3,pi+
27,11,0.134,0.00,0.25,0.57541,0.424,0.40,0.45,1.2173,1.0000,1.5000,0.32380,0.30,0.35,FuuA,3062.60205,36.20107,306.26021,He3,pi+
28,11,0.132,0.00,0.25,0.58428,0.424,0.40,0.45,1.2139,1.0000,1.5000,0.37489,0.35,0.40,FuuA,2587.52315,36.59562,258.75232,He3,pi+
29,11,0.131,0.00,0.25,0.58846,0.424,0.40,0.45,1.2103,1.0000,1.5000,0.42460,0.40,0.45,FuuA,2157.41489,40.86155,215.74149,He3,pi+
30,11,0.132,0.00,0.25,0.58701,0.424,0.40,0.45,1.2071,1.0000,1.5000,0.47218,0.45,0.50,FuuA,1786.47545,42.80118,178.64755,He3,pi+
31,11,0.134,0.00,0.25,0.57817,0.424,0.40,0.45,1.2033,1.0000,1.5000,0.52348,0.50,0.55,FuuA,1438.99961,43.07140,143.89996,He3,pi+
32,11,0.128,0.00,0.25,0.59941,0.425,0.40,0.45,1.2127,1.0000,1.5000,0.64720,0.55,1.60,FuuA,788.34699,27.74182,78.83470,He3,pi+
33,11,0.166,0.00,0.25,0.45863,0.474,0.45,0.50,1.2290,1.0000,1.5000,0.06512,0.00,0.10,FuuA,3884.76872,50.20072,388.47687,He3,pi+
34,11,0.160,0.00,0.25,0.47834,0.474,0.45,0.50,1.2303,1.0000,1.5000,0.12416,0.10,0.15,FuuA,3604.23051,49.50889,360.42305,He3,pi+
35,11,0.154,0.00,0.25,0.50290,0.474,0.45,0.50,1.2303,1.0000,1.5000,0.17326,0.15,0.20,FuuA,3283.39093,43.52898,328.33909,He3,pi+
36,11,0.146,0.00,0.25,0.53091,0.474,0.45,0.50,1.2263,1.0000,1.5000,0.22584,0.20,0.25,FuuA,2929.33567,40.38415,292.93357,He3,pi+
37,11,0.140,0.00,0.25,0.55116,0.474,0.45,0.50,1.2215,1.0000,1.5000,0.27565,0.25,0.30,FuuA,2600.14482,42.84547,260.01448,He3,pi+
38,11,0.137,0.00,0.25,0.56565,0.474,0.45,0.50,1.2189,1.0000,1.5000,0.32407,0.30,0.35,FuuA,2280.29231,40.60020,228.02923,He3,pi+
39,11,0.134,0.00,0.25,0.57671,0.474,0.45,0.50,1.2161,1.0000,1.5000,0.37333,0.35,0.40,FuuA,1965.74103,43.26815,196.57410,He3,pi+
40,11,0.132,0.00,0.25,0.58382,0.474,0.45,0.50,1.2134,1.0000,1.5000,0.42228,0.40,0.45,FuuA,1671.48372,43.60321,167.14837,He3,pi+
41,11,0.132,0.00,0.25,0.58735,0.474,0.45,0.50,1.2100,1.0000,1.5000,0.47323,0.45,0.50,FuuA,1389.22765,46.07577,138.92276,He3,pi+
42,11,0.131,0.00,0.25,0.58888,0.474,0.45,0.50,1.2065,1.0000,1.5000,0.52395,0.50,0.55,FuuA,1137.35216,50.00634,113.73522,He3,pi+
43,11,0.126,0.00,0.25,0.60414,0.475,0.45,0.50,1.2072,1.0000,1.5000,0.67414,0.55,1.60,FuuA,601.89496,27.76875,60.18950,He3,pi+
44,11,0.166,0.00,0.25,0.45689,0.524,0.50,0.55,1.2280,1.0000,1.5000,0.06256,0.00,0.10,FuuA,2788.79902,61.37482,278.87990,He3,pi+
45,11,0.161,0.00,0.25,0.47357,0.524,0.50,0.55,1.2295,1.0000,1.5000,0.12360,0.10,0.15,FuuA,2607.06408,54.24573,260.70641,He3,pi+
46,11,0.156,0.00,0.25,0.49477,0.524,0.50,0.55,1.2299,1.0000,1.5000,0.17553,0.15,0.20,FuuA,2389.77737,50.09294,238.97774,He3,pi+
47,11,0.149,0.00,0.25,0.51873,0.524,0.50,0.55,1.2279,1.0000,1.5000,0.22417,0.20,0.25,FuuA,2166.06592,50.06659,216.60659,He3,pi+
48,11,0.143,0.00,0.25,0.53964,0.524,0.50,0.55,1.2236,1.0000,1.5000,0.27270,0.25,0.30,FuuA,1947.04213,46.85810,194.70421,He3,pi+
49,11,0.139,0.00,0.25,0.55632,0.524,0.50,0.55,1.2203,1.0000,1.5000,0.32291,0.30,0.35,FuuA,1720.90148,46.68419,172.09015,He3,pi+
50,11,0.136,0.00,0.25,0.56925,0.524,0.50,0.55,1.2174,1.0000,1.5000,0.37383,0.35,0.40,FuuA,1497.16691,46.55191,149.71669,He3,pi+
51,11,0.133,0.00,0.25,0.57919,0.524,0.50,0.55,1.2147,1.0000,1.5000,0.42408,0.40,0.45,FuuA,1286.54492,49.69530,128.65449,He3,pi+
52,11,0.131,0.00,0.25,0.58896,0.524,0.50,0.55,1.2114,1.0000,1.5000,0.47525,0.45,0.50,FuuA,1085.47100,50.07410,108.54710,He3,pi+
53,11,0.128,0.00,0.25,0.59708,0.524,0.50,0.55,1.2088,1.0000,1.5000,0.52326,0.50,0.55,FuuA,910.28623,61.12879,91.02862,He3,pi+
54,11,0.123,0.00,0.25,0.61653,0.524,0.50,0.55,1.2041,1.0000,1.5000,0.69314,0.55,1.60,FuuA,479.98040,28.76396,47.99804,He3,pi+
55,11,0.166,0.00,0.25,0.45604,0.574,0.55,0.60,1.2272,1.0000,1.5000,0.06388,0.00,0.10,FuuA,2023.88553,70.43694,202.38855,He3,pi+
56,11,0.162,0.00,0.25,0.47054,0.574,0.55,0.60,1.2288,1.0000,1.5000,0.12653,0.10,0.15,FuuA,1902.26715,61.13580,190.22671,He3,pi+
57,11,0.157,0.00,0.25,0.48791,0.574,0.55,0.60,1.2293,1.0000,1.5000,0.17628,0.15,0.20,FuuA,1765.32618,61.22507,176.53262,He3,pi+
58,11,0.152,0.00,0.25,0.50910,0.574,0.55,0.60,1.2281,1.0000,1.5000,0.22444,0.20,0.25,FuuA,1615.62297,54.56498,161.56230,He3,pi+
59,11,0.145,0.00,0.25,0.53166,0.574,0.55,0.60,1.2244,1.0000,1.5000,0.27501,0.25,0.30,FuuA,1456.98950,54.01049,145.69895,He3,pi+
60,11,0.140,0.00,0.25,0.55056,0.574,0.55,0.60,1.2208,1.0000,1.5000,0.32342,0.30,0.35,FuuA,1305.53983,55.07869,130.55398,He3,pi+
61,11,0.136,0.00,0.25,0.56624,0.574,0.55,0.60,1.2180,1.0000,1.5000,0.37136,0.35,0.40,FuuA,1157.71524,54.71612,115.77152,He3,pi+
62,11,0.132,0.00,0.25,0.58087,0.574,0.55,0.60,1.2155,1.0000,1.5000,0.42143,0.40,0.45,FuuA,1007.37396,55.12201,100.73740,He3,pi+
63,11,0.128,0.00,0.25,0.59412,0.574,0.55,0.60,1.2127,1.0000,1.5000,0.47599,0.45,0.50,FuuA,853.55544,54.54040,85.35554,He3,pi+
64,11,0.126,0.00,0.25,0.60501,0.574,0.55,0.60,1.2094,1.0000,1.5000,0.52453,0.50,0.55,FuuA,726.09082,71.48790,72.60908,He3,pi+
65,11,0.118,0.00,0.25,0.63204,0.574,0.55,0.60,1.2014,1.0000,1.5000,0.70799,0.55,1.60,FuuA,387.71286,31.00214,38.77129,He3,pi+
66,11,0.202,0.00,0.25,0.51753,0.324,0.30,0.35,1.7055,1.5000,2.0000,0.06427,0.00,0.10,FuuA,6221.58501,43.35187,622.15850,He3,pi+
67,11,0.194,0.00,0.25,0.53947,0.324,0.30,0.35,1.7008,1.5000,2.0000,0.12458,0.10,0.15,FuuA,5750.94494,45.96710,575.09449,He3,pi+
68,11,0.188,0.00,0.25,0.55589,0.324,0.30,0.35,1.6967,1.5000,2.0000,0.17520,0.15,0.20,FuuA,5226.42991,42.91465,522.64299,He3,pi+
69,11,0.185,0.00,0.25,0.56407,0.324,0.30,0.35,1.6906,1.5000,2.0000,0.22579,0.20,0.25,FuuA,4654.65647,45.93309,465.46565,He3,pi+
70,11,0.185,0.00,0.25,0.56527,0.324,0.30,0.35,1.6873,1.5000,2.0000,0.27340,0.25,0.30,FuuA,4076.18566,49.66774,407.61857,He3,pi+
71,11,0.186,0.00,0.25,0.56190,0.324,0.30,0.35,1.6878,1.5000,2.0000,0.32352,0.30,0.35,FuuA,3450.49596,50.12623,345.04960,He3,pi+
72,11,0.188,0.00,0.25,0.55793,0.324,0.30,0.35,1.6889,1.5000,2.0000,0.37646,0.35,0.40,FuuA,2811.24512,54.97034,281.12451,He3,pi+
73,11,0.189,0.00,0.25,0.55430,0.324,0.30,0.35,1.6869,1.5000,2.0000,0.42630,0.40,0.45,FuuA,2261.56149,60.67859,226.15615,He3,pi+
74,11,0.190,0.00,0.25,0.55113,0.323,0.30,0.35,1.6859,1.5000,2.0000,0.47439,0.45,0.50,FuuA,1783.95792,60.47200,178.39579,He3,pi+
75,11,0.189,0.00,0.25,0.55566,0.325,0.30,0.35,1.6933,1.5000,2.0000,0.52537,0.50,0.55,FuuA,1314.57848,61.75218,131.45785,He3,pi+
76,11,0.181,0.00,0.25,0.58020,0.329,0.30,0.35,1.7065,1.5000,2.0000,0.60298,0.55,1.60,FuuA,788.04762,64.71943,78.80476,He3,pi+
77,11,0.203,0.00,0.25,0.51692,0.374,0.35,0.40,1.7054,1.5000,2.0000,0.06670,0.00,0.10,FuuA,4214.08063,49.93974,421.40806,He3,pi+
78,11,0.197,0.00,0.25,0.53274,0.374,0.35,0.40,1.7018,1.5000,2.0000,0.12575,0.10,0.15,FuuA,3935.23956,55.09198,393.52396,He3,pi+
79,11,0.191,0.00,0.25,0.54869,0.374,0.35,0.40,1.6982,1.5000,2.0000,0.17306,0.15,0.20,FuuA,3630.66630,50.23354,363.06663,He3,pi+
80,11,0.187,0.00,0.25,0.55962,0.374,0.35,0.40,1.6937,1.5000,2.0000,0.22433,0.20,0.25,FuuA,3258.83288,49.51805,325.88329,He3,pi+
81,11,0.185,0.00,0.25,0.56451,0.374,0.35,0.40,1.6890,1.5000,2.0000,0.27439,0.25,0.30,FuuA,2872.11590,54.40632,287.21159,He3,pi+
82,11,0.185,0.00,0.25,0.56423,0.374,0.35,0.40,1.6870,1.5000,2.0000,0.32511,0.30,0.35,FuuA,2467.44155,54.80830,246.74416,He3,pi+
83,11,0.187,0.00,0.25,0.56065,0.374,0.35,0.40,1.6879,1.5000,2.0000,0.37889,0.35,0.40,FuuA,2043.63831,60.39940,204.36383,He3,pi+
84,11,0.188,0.00,0.25,0.55765,0.374,0.35,0.40,1.6882,1.5000,2.0000,0.42776,0.40,0.45,FuuA,1680.83735,71.39522,168.08373,He3,pi+
85,11,0.188,0.00,0.25,0.55494,0.374,0.35,0.40,1.6874,1.5000,2.0000,0.47538,0.45,0.50,FuuA,1360.18351,70.73678,136.01835,He3,pi+
86,11,0.190,0.00,0.25,0.55051,0.373,0.35,0.40,1.6848,1.5000,2.0000,0.52840,0.50,0.55,FuuA,1049.88392,71.62126,104.98839,He3,pi+
87,11,0.186,0.00,0.25,0.56410,0.376,0.35,0.40,1.6973,1.5000,2.0000,0.63122,0.55,1.60,FuuA,586.83521,50.55437,58.68352,He3,pi+
88,11,0.203,0.00,0.25,0.51584,0.424,0.40,0.45,1.7059,1.5000,2.0000,0.06416,0.00,0.10,FuuA,2914.69668,61.55584,291.46967,He3,pi+
89,11,0.199,0.00,0.25,0.52795,0.424,0.40,0.45,1.7026,1.5000,2.0000,0.12341,0.10,0.15,FuuA,2751.07049,61.46168,275.10705,He3,pi+
90,11,0.193,0.00,0.25,0.54253,0.424,0.40,0.45,1.6988,1.5000,2.0000,0.17483,0.15,0.20,FuuA,2542.27134,54.78348,254.22713,He3,pi+
91,11,0.189,0.00,0.25,0.55476,0.424,0.40,0.45,1.6962,1.5000,2.0000,0.22418,0.20,0.25,FuuA,2309.15618,61.37623,230.91562,He3,pi+
92,11,0.186,0.00,0.25,0.56204,0.424,0.40,0.45,1.6916,1.5000,2.0000,0.27498,0.25,0.30,FuuA,2057.13347,54.81098,205.71335,He3,pi+
93,11,0.185,0.00,0.25,0.56481,0.424,0.40,0.45,1.6871,1.5000,2.0000,0.32368,0.30,0.35,FuuA,1807.46649,71.03472,180.74665,He3,pi+
94,11,0.185,0.00,0.25,0.56417,0.424,0.40,0.45,1.6862,1.5000,2.0000,0.37240,0.35,0.40,FuuA,1553.17879,61.36675,155.31788,He3,pi+
95,11,0.186,0.00,0.25,0.56081,0.424,0.40,0.45,1.6870,1.5000,2.0000,0.43011,0.40,0.45,FuuA,1263.93270,70.34839,126.39327,He3,pi+
96,11,0.188,0.00,0.25,0.55748,0.424,0.40,0.45,1.6879,1.5000,2.0000,0.47971,0.45,0.50,FuuA,1034.43119,86.03780,103.44312,He3,pi+
97,11,0.188,0.00,0.25,0.55536,0.424,0.40,0.45,1.6873,1.5000,2.0000,0.52628,0.50,0.55,FuuA,840.92024,86.03780,84.09202,He3,pi+
98,11,0.187,0.00,0.25,0.56116,0.425,0.40,0.45,1.6930,1.5000,2.0000,0.66041,0.55,1.60,FuuA,440.06444,47.88468,44.00644,He3,pi+
99,11,0.203,0.00,0.25,0.51531,0.474,0.45,0.50,1.7061,1.5000,2.0000,0.06670,0.00,0.10,FuuA,2023.16261,70.66824,202.31626,He3,pi+
100,11,0.199,0.00,0.25,0.52596,0.474,0.45,0.50,1.7030,1.5000,2.0000,0.12687,0.10,0.15,FuuA,1918.26690,71.25942,191.82669,He3,pi+
101,11,0.196,0.00,0.25,0.53592,0.474,0.45,0.50,1.6999,1.5000,2.0000,0.17207,0.15,0.20,FuuA,1805.30153,70.80903,180.53015,He3,pi+
102,11,0.191,0.00,0.25,0.54885,0.474,0.45,0.50,1.6972,1.5000,2.0000,0.22240,0.20,0.25,FuuA,1653.49562,60.82950,165.34956,He3,pi+
103,11,0.188,0.00,0.25,0.55825,0.474,0.45,0.50,1.6940,1.5000,2.0000,0.27290,0.25,0.30,FuuA,1488.80547,71.53250,148.88055,He3,pi+
104,11,0.186,0.00,0.25,0.56327,0.474,0.45,0.50,1.6899,1.5000,2.0000,0.32572,0.30,0.35,FuuA,1310.41362,61.66414,131.04136,He3,pi+
105,11,0.185,0.00,0.25,0.56454,0.474,0.45,0.50,1.6861,1.5000,2.0000,0.37629,0.35,0.40,FuuA,1139.25899,86.32107,113.92590,He3,pi+
106,11,0.185,0.00,0.25,0.56341,0.474,0.45,0.50,1.6860,1.5000,2.0000,0.42567,0.40,0.45,FuuA,973.01122,70.96162,97.30112,He3,pi+
107,11,0.187,0.00,0.25,0.55982,0.474,0.45,0.50,1.6870,1.5000,2.0000,0.48421,0.45,0.50,FuuA,787.64577,86.04308,78.76458,He3,pi+
108,11,0.187,0.00,0.25,0.55769,0.474,0.45,0.50,1.6874,1.5000,2.0000,0.52580,0.50,0.55,FuuA,666.37551,123.43980,66.63755,He3,pi+
109,11,0.185,0.00,0.25,0.56644,0.474,0.45,0.50,1.6932,1.5000,2.0000,0.67775,0.55,1.60,FuuA,350.25721,48.71173,35.02572,He3,pi+
110,11,0.204,0.00,0.25,0.51398,0.524,0.50,0.55,1.7064,1.5000,2.0000,0.06399,0.00,0.10,FuuA,1431.62255,87.00454,143.16226,He3,pi+
111,11,0.201,0.00,0.25,0.52219,0.524,0.50,0.55,1.7038,1.5000,2.0000,0.12103,0.10,0.15,FuuA,1371.43246,86.87177,137.14325,He3,pi+
112,11,0.197,0.00,0.25,0.53154,0.524,0.50,0.55,1.7005,1.5000,2.0000,0.17230,0.15,0.20,FuuA,1291.45796,70.73959,129.14580,He3,pi+
113,11,0.192,0.00,0.25,0.54467,0.524,0.50,0.55,1.6977,1.5000,2.0000,0.22788,0.20,0.25,FuuA,1182.25426,71.33918,118.22543,He3,pi+
114,11,0.189,0.00,0.25,0.55384,0.524,0.50,0.55,1.6954,1.5000,2.0000,0.27378,0.25,0.30,FuuA,1083.67115,86.59642,108.36711,He3,pi+
115,11,0.187,0.00,0.25,0.56009,0.524,0.50,0.55,1.6920,1.5000,2.0000,0.32182,0.30,0.35,FuuA,976.25457,70.96517,97.62546,He3,pi+
116,11,0.186,0.00,0.25,0.56313,0.524,0.50,0.55,1.6883,1.5000,2.0000,0.37411,0.35,0.40,FuuA,857.39784,85.89647,85.73978,He3,pi+
117,11,0.185,0.00,0.25,0.56421,0.524,0.50,0.55,1.6864,1.5000,2.0000,0.42147,0.40,0.45,FuuA,749.82138,86.59642,74.98214,He3,pi+
118,11,0.186,0.00,0.25,0.56320,0.524,0.50,0.55,1.6861,1.5000,2.0000,0.47516,0.45,0.50,FuuA,632.10535,87.69522,63.21054,He3,pi+
119,11,0.186,0.00,0.25,0.56190,0.524,0.50,0.55,1.6876,1.5000,2.0000,0.52236,0.50,0.55,FuuA,534.06384,121.49280,53.40638,He3,pi+
120,11,0.181,0.00,0.25,0.57585,0.524,0.50,0.55,1.6917,1.5000,2.0000,0.69025,0.55,1.60,FuuA,282.19577,53.06962,28.21958,He3,pi+
121,11,0.203,0.00,0.25,0.51483,0.574,0.55,0.60,1.7064,1.5000,2.0000,0.07591,0.00,0.10,FuuA,1017.12845,86.73442,101.71285,He3,pi+
122,11,0.201,0.00,0.25,0.52174,0.574,0.55,0.60,1.7040,1.5000,2.0000,0.13054,0.10,0.15,FuuA,978.06142,123.82920,97.80614,He3,pi+
123,11,0.198,0.00,0.25,0.52833,0.574,0.55,0.60,1.7015,1.5000,2.0000,0.17052,0.15,0.20,FuuA,936.93054,86.72918,93.69305,He3,pi+
124,11,0.195,0.00,0.25,0.53793,0.574,0.55,0.60,1.6982,1.5000,2.0000,0.21930,0.20,0.25,FuuA,876.95669,86.70165,87.69567,He3,pi+
125,11,0.191,0.00,0.25,0.54768,0.574,0.55,0.60,1.6959,1.5000,2.0000,0.26688,0.25,0.30,FuuA,809.46598,86.45776,80.94660,He3,pi+
126,11,0.188,0.00,0.25,0.55581,0.574,0.55,0.60,1.6939,1.5000,2.0000,0.31518,0.30,0.35,FuuA,736.51298,87.55527,73.65130,He3,pi+
127,11,0.186,0.00,0.25,0.56110,0.574,0.55,0.60,1.6916,1.5000,2.0000,0.36596,0.35,0.40,FuuA,657.91743,87.40686,65.79174,He3,pi+
128,11,0.185,0.00,0.25,0.56531,0.574,0.55,0.60,1.6890,1.5000,2.0000,0.42088,0.40,0.45,FuuA,572.48220,88.66057,57.24822,He3,pi+
129,11,0.184,0.00,0.25,0.56759,0.574,0.55,0.60,1.6876,1.5000,2.0000,0.46716,0.45,0.50,FuuA,501.79199,124.21860,50.17920,He3,pi+
130,11,0.183,0.00,0.25,0.57004,0.574,0.55,0.60,1.6905,1.5000,2.0000,0.52561,0.50,0.55,FuuA,415.74332,86.04308,41.57433,He3,pi+
131,11,0.175,0.00,0.25,0.59147,0.574,0.55,0.60,1.6881,1.5000,2.0000,0.71492,0.55,1.60,FuuA,210.32186,64.94046,21.03219,He3,pi+
