i,Ebeam,x,xl,xr,y,z,zl,zr,Q2,Q2l,Q2r,pT,pTl,pTr,obs,value,stat,syst,target,hadron
0,11,0.135,0.00,0.25,0.49569,0.318,0.30,0.35,1.3531,1.0000,1.5000,0.07108,0.00,0.10,FuuA,3147.87588,224.45475,472.18138,He3,K-
1,11,0.120,0.00,0.25,0.53984,0.319,0.30,0.35,1.3052,1.0000,1.5000,0.12823,0.10,0.15,FuuA,2937.32678,171.82185,440.59902,He3,K-
2,11,0.110,0.00,0.25,0.57434,0.319,0.30,0.35,1.2792,1.0000,1.5000,0.17709,0.15,0.20,FuuA,2661.55260,127.05323,399.23289,He3,K-
3,11,0.103,0.00,0.25,0.60741,0.319,0.30,0.35,1.2607,1.0000,1.5000,0.22608,0.20,0.25,FuuA,2337.50655,107.04960,350.62598,He3,K-
4,11,0.097,0.00,0.25,0.63848,0.320,0.30,0.35,1.2468,1.0000,1.5000,0.27502,0.25,0.30,FuuA,1997.18001,92.45018,299.57700,He3,K-
5,11,0.093,0.00,0.25,0.66406,0.320,0.30,0.35,1.2354,1.0000,1.5000,0.32479,0.30,0.35,FuuA,1667.22134,85.67384,250.08320,He3,K-
6,11,0.090,0.00,0.25,0.68200,0.320,0.30,0.35,1.2289,1.0000,1.5000,0.37507,0.35,0.40,FuuA,1354.93908,83.91463,203.24086,He3,K-
7,11,0.088,0.00,0.25,0.69366,0.321,0.30,0.35,1.2250,1.0000,1.5000,0.42509,0.40,0.45,FuuA,1073.13892,86.08302,160.97084,He3,K-
8,11,0.087,0.00,0.25,0.69967,0.321,0.30,0.35,1.2222,1.0000,1.5000,0.47518,0.45,0.50,FuuA,826.89177,87.47785,124.03377,He3,K-
9,11,0.086,0.00,0.25,0.70761,0.321,0.30,0.35,1.2193,1.0000,1.5000,0.52532,0.50,0.55,FuuA,623.07788,92.53010,93.46168,He3,K-
10,11,0.085,0.00,0.25,0.71690,0.322,0.30,0.35,1.2168,1.0000,1.5000,0.57367,0.55,0.60,FuuA,466.54597,108.02879,69.98190,He3,K-
11,11,0.083,0.00,0.25,0.72931,0.324,0.30,0.35,1.2126,1.0000,1.5000,0.64105,0.60,0.70,FuuA,301.65439,98.67852,45.24816,He3,K-
12,11,0.078,0.00,0.25,0.75865,0.327,0.30,0.35,1.2093,1.0000,1.5000,0.74030,0.70,0.80,FuuA,142.26078,177.25994,21.33912,He3,K-
13,11,0.074,0.00,0.25,0.79683,0.334,0.30,0.35,1.2046,1.0000,1.5000,0.84237,0.80,1.60,FuuA,57.92357,469.22700,8.68854,He3,K-
14,11,0.135,0.00,0.25,0.49218,0.374,0.35,0.40,1.3537,1.0000,1.5000,0.07112,0.00,0.10,FuuA,2607.53204,291.70937,391.12981,He3,K-
15,11,0.122,0.00,0.25,0.53004,0.374,0.35,0.40,1.3091,1.0000,1.5000,0.12998,0.10,0.15,FuuA,2460.53207,227.13819,369.07981,He3,K-
16,11,0.113,0.00,0.25,0.55985,0.374,0.35,0.40,1.2828,1.0000,1.5000,0.17865,0.15,0.20,FuuA,2261.99913,172.28812,339.29987,He3,K-
17,11,0.107,0.00,0.25,0.58818,0.374,0.35,0.40,1.2645,1.0000,1.5000,0.22657,0.20,0.25,FuuA,2020.42816,143.97216,303.06422,He3,K-
18,11,0.101,0.00,0.25,0.61751,0.374,0.35,0.40,1.2503,1.0000,1.5000,0.27530,0.25,0.30,FuuA,1751.76986,121.02612,262.76548,He3,K-
19,11,0.095,0.00,0.25,0.64500,0.374,0.35,0.40,1.2379,1.0000,1.5000,0.32566,0.30,0.35,FuuA,1477.33510,108.39737,221.60027,He3,K-
20,11,0.092,0.00,0.25,0.66602,0.374,0.35,0.40,1.2288,1.0000,1.5000,0.37470,0.35,0.40,FuuA,1226.08308,106.84615,183.91246,He3,K-
21,11,0.089,0.00,0.25,0.68173,0.374,0.35,0.40,1.2232,1.0000,1.5000,0.42458,0.40,0.45,FuuA,992.85362,101.20186,148.92804,He3,K-
22,11,0.088,0.00,0.25,0.69379,0.374,0.35,0.40,1.2192,1.0000,1.5000,0.47569,0.45,0.50,FuuA,781.20218,106.49932,117.18033,He3,K-
23,11,0.087,0.00,0.25,0.70115,0.374,0.35,0.40,1.2164,1.0000,1.5000,0.52588,0.50,0.55,FuuA,603.64604,110.50471,90.54691,He3,K-
24,11,0.086,0.00,0.25,0.70541,0.374,0.35,0.40,1.2142,1.0000,1.5000,0.57495,0.55,0.60,FuuA,458.82518,119.36583,68.82378,He3,K-
25,11,0.085,0.00,0.25,0.71602,0.375,0.35,0.40,1.2120,1.0000,1.5000,0.64498,0.60,0.70,FuuA,299.64664,94.49840,44.94700,He3,K-
26,11,0.082,0.00,0.25,0.72867,0.377,0.35,0.40,1.2082,1.0000,1.5000,0.74104,0.70,0.80,FuuA,153.46169,138.11212,23.01925,He3,K-
27,11,0.078,0.00,0.25,0.75726,0.379,0.35,0.40,1.2054,1.0000,1.5000,0.85694,0.80,1.60,FuuA,63.46122,204.65006,9.51918,He3,K-
28,11,0.137,0.00,0.25,0.48784,0.424,0.40,0.45,1.3586,1.0000,1.5000,0.07419,0.00,0.10,FuuA,2075.81217,301.23616,311.37183,He3,K-
29,11,0.126,0.00,0.25,0.51842,0.424,0.40,0.45,1.3213,1.0000,1.5000,0.12944,0.10,0.15,FuuA,1980.47153,285.56916,297.07073,He3,K-
30,11,0.118,0.00,0.25,0.54491,0.424,0.40,0.45,1.2958,1.0000,1.5000,0.17605,0.15,0.20,FuuA,1847.85308,193.23177,277.17796,He3,K-
31,11,0.110,0.00,0.25,0.57231,0.424,0.40,0.45,1.2743,1.0000,1.5000,0.22627,0.20,0.25,FuuA,1671.50255,160.60469,250.72538,He3,K-
32,11,0.105,0.00,0.25,0.59722,0.424,0.40,0.45,1.2589,1.0000,1.5000,0.27569,0.25,0.30,FuuA,1476.97428,138.16013,221.54614,He3,K-
33,11,0.100,0.00,0.25,0.62180,0.424,0.40,0.45,1.2474,1.0000,1.5000,0.32592,0.30,0.35,FuuA,1268.81160,123.07852,190.32174,He3,K-
34,11,0.095,0.00,0.25,0.64547,0.424,0.40,0.45,1.2371,1.0000,1.5000,0.37607,0.35,0.40,FuuA,1066.65965,115.74241,159.99895,He3,K-
35,11,0.092,0.00,0.25,0.66498,0.424,0.40,0.45,1.2287,1.0000,1.5000,0.42614,0.40,0.45,FuuA,880.00694,111.62184,132.00104,He3,K-
36,11,0.090,0.00,0.25,0.67890,0.425,0.40,0.45,1.2235,1.0000,1.5000,0.47503,0.45,0.50,FuuA,715.67728,115.92985,107.35159,He3,K-
37,11,0.088,0.00,0.25,0.68980,0.425,0.40,0.45,1.2201,1.0000,1.5000,0.52486,0.50,0.55,FuuA,568.49053,114.16030,85.27358,He3,K-
38,11,0.087,0.00,0.25,0.69801,0.425,0.40,0.45,1.2173,1.0000,1.5000,0.57634,0.55,0.60,FuuA,438.47058,122.41441,65.77059,He3,K-
39,11,0.086,0.00,0.25,0.70417,0.425,0.40,0.45,1.2143,1.0000,1.5000,0.64865,0.60,0.70,FuuA,295.83059,96.39434,44.37459,He3,K-
40,11,0.085,0.00,0.25,0.71622,0.426,0.40,0.45,1.2118,1.0000,1.5000,0.74334,0.70,0.80,FuuA,163.29884,117.71191,24.49483,He3,K-
41,11,0.081,0.00,0.25,0.73525,0.428,0.40,0.45,1.2073,1.0000,1.5000,0.87898,0.80,1.60,FuuA,66.71160,138.76361,10.00674,He3,K-
42,11,0.139,0.00,0.25,0.48289,0.474,0.45,0.50,1.3652,1.0000,1.5000,0.07384,0.00,0.10,FuuA,1691.96195,325.44244,253.79429,He3,K-
43,11,0.129,0.00,0.25,0.51039,0.474,0.45,0.50,1.3310,1.0000,1.5000,0.12975,0.10,0.15,FuuA,1621.15974,309.97917,243.17396,He3,K-
44,11,0.121,0.00,0.25,0.53500,0.474,0.45,0.50,1.3040,1.0000,1.5000,0.17661,0.15,0.20,FuuA,1529.89104,213.03312,229.48366,He3,K-
45,11,0.114,0.00,0.25,0.55756,0.474,0.45,0.50,1.2837,1.0000,1.5000,0.22551,0.20,0.25,FuuA,1407.35409,184.67286,211.10311,He3,K-
46,11,0.108,0.00,0.25,0.58001,0.474,0.45,0.50,1.2691,1.0000,1.5000,0.27475,0.25,0.30,FuuA,1260.99278,152.60200,189.14892,He3,K-
47,11,0.103,0.00,0.25,0.60345,0.474,0.45,0.50,1.2558,1.0000,1.5000,0.32608,0.30,0.35,FuuA,1100.21993,135.87966,165.03299,He3,K-
48,11,0.099,0.00,0.25,0.62541,0.474,0.45,0.50,1.2459,1.0000,1.5000,0.37469,0.35,0.40,FuuA,946.13765,133.05805,141.92065,He3,K-
49,11,0.095,0.00,0.25,0.64577,0.474,0.45,0.50,1.2368,1.0000,1.5000,0.42458,0.40,0.45,FuuA,796.41998,117.46181,119.46300,He3,K-
50,11,0.092,0.00,0.25,0.66325,0.474,0.45,0.50,1.2292,1.0000,1.5000,0.47561,0.45,0.50,FuuA,655.60855,121.36404,98.34128,He3,K-
51,11,0.090,0.00,0.25,0.67630,0.475,0.45,0.50,1.2247,1.0000,1.5000,0.52513,0.50,0.55,FuuA,533.20235,121.37673,79.98035,He3,K-
52,11,0.089,0.00,0.25,0.68688,0.475,0.45,0.50,1.2210,1.0000,1.5000,0.57545,0.55,0.60,FuuA,424.55675,125.65035,63.68351,He3,K-
53,11,0.087,0.00,0.25,0.69762,0.475,0.45,0.50,1.2174,1.0000,1.5000,0.64906,0.60,0.70,FuuA,295.90147,97.04894,44.38522,He3,K-
54,11,0.086,0.00,0.25,0.70494,0.475,0.45,0.50,1.2134,1.0000,1.5000,0.74801,0.70,0.80,FuuA,170.17371,112.76267,25.52606,He3,K-
55,11,0.083,0.00,0.25,0.72430,0.477,0.45,0.50,1.2099,1.0000,1.5000,0.90264,0.80,1.60,FuuA,68.92997,109.37513,10.33950,He3,K-
56,11,0.142,0.00,0.25,0.47585,0.525,0.50,0.55,1.3737,1.0000,1.5000,0.06313,0.00,0.10,FuuA,1393.41891,388.62120,209.01284,He3,K-
57,11,0.132,0.00,0.25,0.50158,0.525,0.50,0.55,1.3411,1.0000,1.5000,0.12801,0.10,0.15,FuuA,1336.94634,262.15035,200.54195,He3,K-
58,11,0.124,0.00,0.25,0.52377,0.525,0.50,0.55,1.3150,1.0000,1.5000,0.17670,0.15,0.20,FuuA,1271.32133,257.16090,190.69820,He3,K-
59,11,0.118,0.00,0.25,0.54522,0.525,0.50,0.55,1.2945,1.0000,1.5000,0.22520,0.20,0.25,FuuA,1181.77688,179.76581,177.26653,He3,K-
60,11,0.112,0.00,0.25,0.56611,0.525,0.50,0.55,1.2786,1.0000,1.5000,0.27420,0.25,0.30,FuuA,1075.16788,174.90578,161.27518,He3,K-
61,11,0.107,0.00,0.25,0.58668,0.525,0.50,0.55,1.2650,1.0000,1.5000,0.32460,0.30,0.35,FuuA,956.70766,137.96480,143.50615,He3,K-
62,11,0.102,0.00,0.25,0.60825,0.525,0.50,0.55,1.2538,1.0000,1.5000,0.37698,0.35,0.40,FuuA,828.66932,135.29551,124.30040,He3,K-
63,11,0.099,0.00,0.25,0.62842,0.525,0.50,0.55,1.2454,1.0000,1.5000,0.42780,0.40,0.45,FuuA,706.47449,123.83785,105.97117,He3,K-
64,11,0.095,0.00,0.25,0.64584,0.525,0.50,0.55,1.2382,1.0000,1.5000,0.47576,0.45,0.50,FuuA,598.49370,131.62906,89.77406,He3,K-
65,11,0.093,0.00,0.25,0.66050,0.525,0.50,0.55,1.2306,1.0000,1.5000,0.52417,0.50,0.55,FuuA,500.16511,118.82186,75.02477,He3,K-
66,11,0.091,0.00,0.25,0.67280,0.525,0.50,0.55,1.2266,1.0000,1.5000,0.57452,0.55,0.60,FuuA,407.22248,128.27723,61.08337,He3,K-
67,11,0.089,0.00,0.25,0.68625,0.525,0.50,0.55,1.2219,1.0000,1.5000,0.64913,0.60,0.70,FuuA,293.32440,92.72254,43.99866,He3,K-
68,11,0.087,0.00,0.25,0.69826,0.525,0.50,0.55,1.2174,1.0000,1.5000,0.74642,0.70,0.80,FuuA,179.47698,114.63710,26.92155,He3,K-
69,11,0.084,0.00,0.25,0.71541,0.526,0.50,0.55,1.2111,1.0000,1.5000,0.92104,0.80,1.60,FuuA,73.57509,88.02559,11.03626,He3,K-
70,11,0.142,0.00,0.25,0.47589,0.574,0.55,0.60,1.3730,1.0000,1.5000,0.07429,0.00,0.10,FuuA,1190.19538,329.04300,178.52931,He3,K-
71,11,0.134,0.00,0.25,0.49610,0.575,0.55,0.60,1.3490,1.0000,1.5000,0.13307,0.10,0.15,FuuA,1142.84597,322.42320,171.42690,He3,K-
72,11,0.126,0.00,0.25,0.51850,0.575,0.55,0.60,1.3210,1.0000,1.5000,0.18313,0.15,0.20,FuuA,1086.82023,221.77680,163.02303,He3,K-
73,11,0.120,0.00,0.25,0.53809,0.575,0.55,0.60,1.2999,1.0000,1.5000,0.23027,0.20,0.25,FuuA,1018.13114,218.84922,152.71967,He3,K-
74,11,0.115,0.00,0.25,0.55568,0.575,0.55,0.60,1.2842,1.0000,1.5000,0.27544,0.25,0.30,FuuA,939.96493,173.20750,140.99474,He3,K-
75,11,0.109,0.00,0.25,0.57595,0.575,0.55,0.60,1.2693,1.0000,1.5000,0.32735,0.30,0.35,FuuA,840.62096,146.57525,126.09314,He3,K-
76,11,0.105,0.00,0.25,0.59458,0.575,0.55,0.60,1.2574,1.0000,1.5000,0.37759,0.35,0.40,FuuA,741.08386,145.00775,111.16258,He3,K-
77,11,0.101,0.00,0.25,0.61302,0.575,0.55,0.60,1.2485,1.0000,1.5000,0.42795,0.40,0.45,FuuA,641.40651,126.90241,96.21098,He3,K-
78,11,0.098,0.00,0.25,0.63128,0.575,0.55,0.60,1.2393,1.0000,1.5000,0.47997,0.45,0.50,FuuA,543.61712,125.35619,81.54257,He3,K-
79,11,0.095,0.00,0.25,0.64561,0.575,0.55,0.60,1.2328,1.0000,1.5000,0.52540,0.50,0.55,FuuA,464.12507,137.87185,69.61876,He3,K-
80,11,0.093,0.00,0.25,0.65856,0.575,0.55,0.60,1.2264,1.0000,1.5000,0.57154,0.55,0.60,FuuA,390.91382,122.29848,58.63707,He3,K-
81,11,0.090,0.00,0.25,0.67534,0.576,0.55,0.60,1.2200,1.0000,1.5000,0.64885,0.60,0.70,FuuA,286.51895,90.14630,42.97784,He3,K-
82,11,0.088,0.00,0.25,0.69134,0.576,0.55,0.60,1.2144,1.0000,1.5000,0.74696,0.70,0.80,FuuA,182.84490,107.96995,27.42673,He3,K-
83,11,0.084,0.00,0.25,0.71419,0.576,0.55,0.60,1.2041,1.0000,1.5000,0.94592,0.80,1.60,FuuA,73.08962,77.01747,10.96344,He3,K-
84,11,0.184,0.00,0.25,0.46864,0.317,0.30,0.35,1.7440,1.5000,2.0000,0.06567,0.00,0.10,FuuA,1792.57207,148.56359,268.88581,He3,K-
85,11,0.170,0.00,0.25,0.51182,0.317,0.30,0.35,1.7428,1.5000,2.0000,0.12624,0.10,0.15,FuuA,1604.79489,143.09414,240.71923,He3,K-
86,11,0.159,0.00,0.25,0.54962,0.317,0.30,0.35,1.7401,1.5000,2.0000,0.17531,0.15,0.20,FuuA,1421.83734,125.11793,213.27560,He3,K-
87,11,0.150,0.00,0.25,0.58084,0.317,0.30,0.35,1.7359,1.5000,2.0000,0.22547,0.20,0.25,FuuA,1235.87901,111.91980,185.38185,He3,K-
88,11,0.145,0.00,0.25,0.60242,0.318,0.30,0.35,1.7318,1.5000,2.0000,0.27531,0.25,0.30,FuuA,1056.78730,110.47769,158.51809,He3,K-
89,11,0.141,0.00,0.25,0.61717,0.318,0.30,0.35,1.7288,1.5000,2.0000,0.32467,0.30,0.35,FuuA,884.59004,109.42030,132.68851,He3,K-
90,11,0.139,0.00,0.25,0.62688,0.318,0.30,0.35,1.7254,1.5000,2.0000,0.37392,0.35,0.40,FuuA,724.09703,114.53719,108.61455,He3,K-
91,11,0.139,0.00,0.25,0.62963,0.318,0.30,0.35,1.7222,1.5000,2.0000,0.42369,0.40,0.45,FuuA,577.69792,117.52603,86.65469,He3,K-
92,11,0.140,0.00,0.25,0.62472,0.318,0.30,0.35,1.7189,1.5000,2.0000,0.47354,0.45,0.50,FuuA,450.17658,127.96811,67.52649,He3,K-
93,11,0.140,0.00,0.25,0.62498,0.318,0.30,0.35,1.7197,1.5000,2.0000,0.52341,0.50,0.55,FuuA,339.82238,133.39474,50.97336,He3,K-
94,11,0.137,0.00,0.25,0.63553,0.319,0.30,0.35,1.7242,1.5000,2.0000,0.57290,0.55,0.60,FuuA,249.69834,158.46023,37.45475,He3,K-
95,11,0.131,0.00,0.25,0.65669,0.321,0.30,0.35,1.7262,1.5000,2.0000,0.63781,0.60,0.70,FuuA,161.85789,152.37396,24.27868,He3,K-
96,11,0.123,0.00,0.25,0.69090,0.323,0.30,0.35,1.7252,1.5000,2.0000,0.72434,0.70,0.80,FuuA,83.08766,274.30394,12.46315,He3,K-
97,11,0.116,0.00,0.25,0.72682,0.329,0.30,0.35,1.7194,1.5000,2.0000,0.80949,0.80,1.60,FuuA,41.18634,505.83060,6.17795,He3,K-
98,11,0.182,0.00,0.25,0.46778,0.374,0.35,0.40,1.7204,1.5000,2.0000,0.06450,0.00,0.10,FuuA,1743.62852,230.67731,261.54428,He3,K-
99,11,0.172,0.00,0.25,0.49927,0.374,0.35,0.40,1.7205,1.5000,2.0000,0.12437,0.10,0.15,FuuA,1582.68675,211.60088,237.40301,He3,K-
100,11,0.161,0.00,0.25,0.53470,0.374,0.35,0.40,1.7195,1.5000,2.0000,0.17453,0.15,0.20,FuuA,1408.97067,182.41743,211.34560,He3,K-
101,11,0.152,0.00,0.25,0.56831,0.374,0.35,0.40,1.7174,1.5000,2.0000,0.22556,0.20,0.25,FuuA,1225.47449,162.06441,183.82117,He3,K-
102,11,0.145,0.00,0.25,0.59449,0.374,0.35,0.40,1.7138,1.5000,2.0000,0.27585,0.25,0.30,FuuA,1052.04550,155.59097,157.80683,He3,K-
103,11,0.141,0.00,0.25,0.61225,0.374,0.35,0.40,1.7110,1.5000,2.0000,0.32493,0.30,0.35,FuuA,892.31176,152.63631,133.84676,He3,K-
104,11,0.137,0.00,0.25,0.62558,0.374,0.35,0.40,1.7085,1.5000,2.0000,0.37365,0.35,0.40,FuuA,743.46549,154.78736,111.51982,He3,K-
105,11,0.135,0.00,0.25,0.63515,0.375,0.35,0.40,1.7061,1.5000,2.0000,0.42469,0.40,0.45,FuuA,600.87022,152.81412,90.13053,He3,K-
106,11,0.134,0.00,0.25,0.64086,0.375,0.35,0.40,1.7037,1.5000,2.0000,0.47624,0.45,0.50,FuuA,473.35209,169.49196,71.00281,He3,K-
107,11,0.134,0.00,0.25,0.64072,0.375,0.35,0.40,1.7004,1.5000,2.0000,0.52651,0.50,0.55,FuuA,367.94343,178.61534,55.19151,He3,K-
108,11,0.135,0.00,0.25,0.63660,0.375,0.35,0.40,1.6980,1.5000,2.0000,0.57596,0.55,0.60,FuuA,281.17944,201.78874,42.17692,He3,K-
109,11,0.134,0.00,0.25,0.64088,0.375,0.35,0.40,1.7005,1.5000,2.0000,0.64691,0.60,0.70,FuuA,183.41200,159.93830,27.51180,He3,K-
110,11,0.129,0.00,0.25,0.66048,0.377,0.35,0.40,1.7063,1.5000,2.0000,0.74766,0.70,0.80,FuuA,89.73806,231.94452,13.46071,He3,K-
111,11,0.120,0.00,0.25,0.69924,0.379,0.35,0.40,1.7077,1.5000,2.0000,0.86789,0.80,1.60,FuuA,34.30460,381.67008,5.14569,He3,K-
112,11,0.183,0.00,0.25,0.46327,0.425,0.40,0.45,1.7203,1.5000,2.0000,0.06377,0.00,0.10,FuuA,1392.14879,249.12124,208.82232,He3,K-
113,11,0.175,0.00,0.25,0.48779,0.425,0.40,0.45,1.7204,1.5000,2.0000,0.12335,0.10,0.15,FuuA,1282.75287,224.57139,192.41293,He3,K-
114,11,0.166,0.00,0.25,0.51861,0.425,0.40,0.45,1.7200,1.5000,2.0000,0.17498,0.15,0.20,FuuA,1152.30138,189.49963,172.84521,He3,K-
115,11,0.157,0.00,0.25,0.54948,0.424,0.40,0.45,1.7187,1.5000,2.0000,0.22570,0.20,0.25,FuuA,1016.51215,180.34014,152.47682,He3,K-
116,11,0.150,0.00,0.25,0.57472,0.424,0.40,0.45,1.7169,1.5000,2.0000,0.27462,0.25,0.30,FuuA,886.43241,167.28809,132.96486,He3,K-
117,11,0.145,0.00,0.25,0.59592,0.425,0.40,0.45,1.7136,1.5000,2.0000,0.32576,0.30,0.35,FuuA,756.89476,155.92048,113.53421,He3,K-
118,11,0.141,0.00,0.25,0.61127,0.425,0.40,0.45,1.7111,1.5000,2.0000,0.37497,0.35,0.40,FuuA,639.23888,167.83956,95.88583,He3,K-
119,11,0.138,0.00,0.25,0.62272,0.425,0.40,0.45,1.7088,1.5000,2.0000,0.42469,0.40,0.45,FuuA,529.84415,157.83813,79.47662,He3,K-
120,11,0.136,0.00,0.25,0.63165,0.425,0.40,0.45,1.7068,1.5000,2.0000,0.47591,0.45,0.50,FuuA,427.55363,174.36156,64.13304,He3,K-
121,11,0.135,0.00,0.25,0.63760,0.425,0.40,0.45,1.7046,1.5000,2.0000,0.52524,0.50,0.55,FuuA,341.08564,181.92413,51.16285,He3,K-
122,11,0.134,0.00,0.25,0.64043,0.425,0.40,0.45,1.7027,1.5000,2.0000,0.57541,0.55,0.60,FuuA,265.77254,197.43478,39.86588,He3,K-
123,11,0.135,0.00,0.25,0.63789,0.425,0.40,0.45,1.6990,1.5000,2.0000,0.64829,0.60,0.70,FuuA,180.60749,158.94375,27.09112,He3,K-
124,11,0.133,0.00,0.25,0.64225,0.426,0.40,0.45,1.7006,1.5000,2.0000,0.74171,0.70,0.80,FuuA,100.97580,211.75274,15.14637,He3,K-
125,11,0.127,0.00,0.25,0.66742,0.427,0.40,0.45,1.7062,1.5000,2.0000,0.87265,0.80,1.60,FuuA,42.26366,226.98763,6.33955,He3,K-
126,11,0.184,0.00,0.25,0.46028,0.475,0.45,0.50,1.7202,1.5000,2.0000,0.06252,0.00,0.10,FuuA,1137.09666,267.73190,170.56450,He3,K-
127,11,0.178,0.00,0.25,0.48024,0.475,0.45,0.50,1.7201,1.5000,2.0000,0.12265,0.10,0.15,FuuA,1059.94469,230.67909,158.99170,He3,K-
128,11,0.170,0.00,0.25,0.50392,0.475,0.45,0.50,1.7201,1.5000,2.0000,0.17369,0.15,0.20,FuuA,967.52773,206.83401,145.12916,He3,K-
129,11,0.162,0.00,0.25,0.53196,0.475,0.45,0.50,1.7195,1.5000,2.0000,0.22472,0.20,0.25,FuuA,863.15278,184.99435,129.47292,He3,K-
130,11,0.154,0.00,0.25,0.55808,0.475,0.45,0.50,1.7182,1.5000,2.0000,0.27510,0.25,0.30,FuuA,758.09933,178.42647,113.71490,He3,K-
131,11,0.149,0.00,0.25,0.58052,0.475,0.45,0.50,1.7157,1.5000,2.0000,0.32641,0.30,0.35,FuuA,654.70469,163.02787,98.20570,He3,K-
132,11,0.144,0.00,0.25,0.59755,0.475,0.45,0.50,1.7127,1.5000,2.0000,0.37616,0.35,0.40,FuuA,560.44509,173.69914,84.06676,He3,K-
133,11,0.141,0.00,0.25,0.60957,0.475,0.45,0.50,1.7110,1.5000,2.0000,0.42384,0.40,0.45,FuuA,475.86589,170.06717,71.37988,He3,K-
134,11,0.139,0.00,0.25,0.61991,0.475,0.45,0.50,1.7095,1.5000,2.0000,0.47218,0.45,0.50,FuuA,396.35534,178.53233,59.45330,He3,K-
135,11,0.137,0.00,0.25,0.62858,0.475,0.45,0.50,1.7079,1.5000,2.0000,0.52193,0.50,0.55,FuuA,323.00164,178.22683,48.45025,He3,K-
136,11,0.135,0.00,0.25,0.63585,0.475,0.45,0.50,1.7055,1.5000,2.0000,0.57367,0.55,0.60,FuuA,256.25506,192.20331,38.43826,He3,K-
137,11,0.134,0.00,0.25,0.64123,0.475,0.45,0.50,1.7029,1.5000,2.0000,0.64540,0.60,0.70,FuuA,181.19319,158.96477,27.17898,He3,K-
138,11,0.133,0.00,0.25,0.64215,0.475,0.45,0.50,1.6984,1.5000,2.0000,0.74378,0.70,0.80,FuuA,105.96086,188.74863,15.89413,He3,K-
139,11,0.128,0.00,0.25,0.66067,0.476,0.45,0.50,1.7026,1.5000,2.0000,0.90234,0.80,1.60,FuuA,41.80819,187.09025,6.27123,He3,K-
140,11,0.185,0.00,0.25,0.45837,0.525,0.50,0.55,1.7184,1.5000,2.0000,0.06563,0.00,0.10,FuuA,934.57998,254.71512,140.18700,He3,K-
141,11,0.180,0.00,0.25,0.47348,0.525,0.50,0.55,1.7182,1.5000,2.0000,0.12327,0.10,0.15,FuuA,882.03890,249.67081,132.30584,He3,K-
142,11,0.174,0.00,0.25,0.49306,0.525,0.50,0.55,1.7185,1.5000,2.0000,0.17525,0.15,0.20,FuuA,812.47388,191.09013,121.87108,He3,K-
143,11,0.166,0.00,0.25,0.51650,0.525,0.50,0.55,1.7181,1.5000,2.0000,0.22461,0.20,0.25,FuuA,735.75176,208.09393,110.36276,He3,K-
144,11,0.159,0.00,0.25,0.54114,0.525,0.50,0.55,1.7174,1.5000,2.0000,0.27484,0.25,0.30,FuuA,654.32765,165.37319,98.14915,He3,K-
145,11,0.153,0.00,0.25,0.56382,0.525,0.50,0.55,1.7163,1.5000,2.0000,0.32647,0.30,0.35,FuuA,571.06202,179.35262,85.65930,He3,K-
146,11,0.148,0.00,0.25,0.58240,0.525,0.50,0.55,1.7136,1.5000,2.0000,0.37674,0.35,0.40,FuuA,494.23582,158.97112,74.13537,He3,K-
147,11,0.144,0.00,0.25,0.59737,0.525,0.50,0.55,1.7115,1.5000,2.0000,0.42879,0.40,0.45,FuuA,419.73520,168.71671,62.96028,He3,K-
148,11,0.142,0.00,0.25,0.60856,0.525,0.50,0.55,1.7100,1.5000,2.0000,0.47429,0.45,0.50,FuuA,358.85063,186.14016,53.82759,He3,K-
149,11,0.139,0.00,0.25,0.61852,0.525,0.50,0.55,1.7083,1.5000,2.0000,0.52327,0.50,0.55,FuuA,299.20686,166.76395,44.88103,He3,K-
150,11,0.137,0.00,0.25,0.62782,0.525,0.50,0.55,1.7068,1.5000,2.0000,0.57705,0.55,0.60,FuuA,240.56464,186.35379,36.08470,He3,K-
151,11,0.134,0.00,0.25,0.63857,0.526,0.50,0.55,1.7045,1.5000,2.0000,0.65082,0.60,0.70,FuuA,173.83994,148.59473,26.07599,He3,K-
152,11,0.131,0.00,0.25,0.64870,0.526,0.50,0.55,1.7000,1.5000,2.0000,0.75157,0.70,0.80,FuuA,105.04236,179.69321,15.75635,He3,K-
153,11,0.127,0.00,0.25,0.66314,0.526,0.50,0.55,1.6981,1.5000,2.0000,0.93009,0.80,1.60,FuuA,41.49496,161.47970,6.22424,He3,K-
154,11,0.186,0.00,0.25,0.45526,0.575,0.55,0.60,1.7196,1.5000,2.0000,0.06457,0.00,0.10,FuuA,800.95671,258.13542,120.14351,He3,K-
155,11,0.182,0.00,0.25,0.46771,0.575,0.55,0.60,1.7197,1.5000,2.0000,0.12037,0.10,0.15,FuuA,762.65847,256.75246,114.39877,He3,K-
156,11,0.177,0.00,0.25,0.48193,0.575,0.55,0.60,1.7192,1.5000,2.0000,0.16744,0.15,0.20,FuuA,716.38702,207.49854,107.45805,He3,K-
157,11,0.171,0.00,0.25,0.50360,0.575,0.55,0.60,1.7195,1.5000,2.0000,0.22289,0.20,0.25,FuuA,649.59840,173.37632,97.43976,He3,K-
158,11,0.163,0.00,0.25,0.52915,0.575,0.55,0.60,1.7190,1.5000,2.0000,0.27937,0.25,0.30,FuuA,575.94491,172.00675,86.39174,He3,K-
159,11,0.157,0.00,0.25,0.54831,0.575,0.55,0.60,1.7186,1.5000,2.0000,0.32530,0.30,0.35,FuuA,515.67059,194.95658,77.35059,He3,K-
160,11,0.152,0.00,0.25,0.56660,0.575,0.55,0.60,1.7164,1.5000,2.0000,0.36965,0.35,0.40,FuuA,458.85761,167.06542,68.82864,He3,K-
161,11,0.148,0.00,0.25,0.58373,0.575,0.55,0.60,1.7149,1.5000,2.0000,0.42067,0.40,0.45,FuuA,396.54087,161.78315,59.48113,He3,K-
162,11,0.144,0.00,0.25,0.59833,0.575,0.55,0.60,1.7125,1.5000,2.0000,0.47440,0.45,0.50,FuuA,336.04256,159.43320,50.40638,He3,K-
163,11,0.141,0.00,0.25,0.61009,0.575,0.55,0.60,1.7111,1.5000,2.0000,0.52375,0.50,0.55,FuuA,284.27890,186.03158,42.64183,He3,K-
164,11,0.138,0.00,0.25,0.61970,0.575,0.55,0.60,1.7098,1.5000,2.0000,0.56956,0.55,0.60,FuuA,240.59309,182.84459,36.08896,He3,K-
165,11,0.135,0.00,0.25,0.63362,0.575,0.55,0.60,1.7078,1.5000,2.0000,0.64107,0.60,0.70,FuuA,181.40978,141.12354,27.21147,He3,K-
166,11,0.131,0.00,0.25,0.65061,0.575,0.55,0.60,1.7039,1.5000,2.0000,0.74869,0.70,0.80,FuuA,112.15194,152.88489,16.82279,He3,K-
167,11,0.125,0.00,0.25,0.67350,0.576,0.55,0.60,1.6973,1.5000,2.0000,0.95282,0.80,1.60,FuuA,42.39605,146.14011,6.35941,He3,K-
168,11,0.209,0.00,0.25,0.52401,0.318,0.30,0.35,2.2300,2.0000,2.5000,0.06608,0.00,0.10,FuuA,817.72643,171.13950,122.65896,He3,K-
169,11,0.198,0.00,0.25,0.55515,0.318,0.30,0.35,2.2325,2.0000,2.5000,0.12591,0.10,0.15,FuuA,746.66195,161.54360,111.99929,He3,K-
170,11,0.191,0.00,0.25,0.57742,0.318,0.30,0.35,2.2306,2.0000,2.5000,0.17597,0.15,0.20,FuuA,676.29935,141.50004,101.44490,He3,K-
171,11,0.186,0.00,0.25,0.59274,0.318,0.30,0.35,2.2293,2.0000,2.5000,0.22516,0.20,0.25,FuuA,599.40410,140.18330,89.91061,He3,K-
172,11,0.182,0.00,0.25,0.60438,0.318,0.30,0.35,2.2262,2.0000,2.5000,0.27500,0.25,0.30,FuuA,517.95549,133.71283,77.69332,He3,K-
173,11,0.180,0.00,0.25,0.61188,0.318,0.30,0.35,2.2228,2.0000,2.5000,0.32573,0.30,0.35,FuuA,434.99229,143.73372,65.24884,He3,K-
174,11,0.179,0.00,0.25,0.61438,0.318,0.30,0.35,2.2191,2.0000,2.5000,0.37511,0.35,0.40,FuuA,358.08829,153.24120,53.71324,He3,K-
175,11,0.180,0.00,0.25,0.61198,0.319,0.30,0.35,2.2168,2.0000,2.5000,0.42503,0.40,0.45,FuuA,286.41156,167.12750,42.96173,He3,K-
176,11,0.181,0.00,0.25,0.60632,0.318,0.30,0.35,2.2166,2.0000,2.5000,0.47422,0.45,0.50,FuuA,223.26661,187.71873,33.48999,He3,K-
177,11,0.183,0.00,0.25,0.59987,0.318,0.30,0.35,2.2158,2.0000,2.5000,0.52399,0.50,0.55,FuuA,168.78578,192.57761,25.31787,He3,K-
178,11,0.183,0.00,0.25,0.60098,0.318,0.30,0.35,2.2200,2.0000,2.5000,0.57433,0.55,0.60,FuuA,122.66875,209.36142,18.40031,He3,K-
179,11,0.180,0.00,0.25,0.61032,0.320,0.30,0.35,2.2272,2.0000,2.5000,0.63991,0.60,0.70,FuuA,78.49633,195.49520,11.77445,He3,K-
180,11,0.172,0.00,0.25,0.63786,0.322,0.30,0.35,2.2340,2.0000,2.5000,0.73182,0.70,0.80,FuuA,38.75784,318.07095,5.81368,He3,K-
181,11,0.160,0.00,0.25,0.68015,0.329,0.30,0.35,2.2301,2.0000,2.5000,0.83107,0.80,1.60,FuuA,17.41826,948.57840,2.61274,He3,K-
182,11,0.207,0.00,0.25,0.52307,0.374,0.35,0.40,2.2105,2.0000,2.5000,0.06457,0.00,0.10,FuuA,982.10400,354.68131,147.31560,He3,K-
183,11,0.198,0.00,0.25,0.54978,0.374,0.35,0.40,2.2130,2.0000,2.5000,0.12626,0.10,0.15,FuuA,900.98448,301.57841,135.14767,He3,K-
184,11,0.190,0.00,0.25,0.57390,0.374,0.35,0.40,2.2117,2.0000,2.5000,0.17556,0.15,0.20,FuuA,819.70855,288.86412,122.95628,He3,K-
185,11,0.185,0.00,0.25,0.59031,0.374,0.35,0.40,2.2091,2.0000,2.5000,0.22352,0.20,0.25,FuuA,735.71551,255.16104,110.35733,He3,K-
186,11,0.180,0.00,0.25,0.60386,0.374,0.35,0.40,2.2071,2.0000,2.5000,0.27517,0.25,0.30,FuuA,640.10941,242.26030,96.01641,He3,K-
187,11,0.177,0.00,0.25,0.61361,0.375,0.35,0.40,2.2049,2.0000,2.5000,0.32498,0.30,0.35,FuuA,547.23201,260.05252,82.08480,He3,K-
188,11,0.175,0.00,0.25,0.62055,0.375,0.35,0.40,2.2020,2.0000,2.5000,0.37427,0.35,0.40,FuuA,458.27650,256.36467,68.74147,He3,K-
189,11,0.174,0.00,0.25,0.62463,0.375,0.35,0.40,2.1984,2.0000,2.5000,0.42557,0.40,0.45,FuuA,372.34390,279.30096,55.85158,He3,K-
190,11,0.174,0.00,0.25,0.62428,0.375,0.35,0.40,2.1958,2.0000,2.5000,0.47696,0.45,0.50,FuuA,295.42505,303.54486,44.31376,He3,K-
191,11,0.175,0.00,0.25,0.62078,0.375,0.35,0.40,2.1948,2.0000,2.5000,0.52717,0.50,0.55,FuuA,230.06276,352.08253,34.50941,He3,K-
192,11,0.177,0.00,0.25,0.61598,0.375,0.35,0.40,2.1952,2.0000,2.5000,0.57477,0.55,0.60,FuuA,177.45238,391.96302,26.61786,He3,K-
193,11,0.178,0.00,0.25,0.61107,0.375,0.35,0.40,2.1963,2.0000,2.5000,0.64980,0.60,0.70,FuuA,113.70836,292.34198,17.05625,He3,K-
194,11,0.176,0.00,0.25,0.61749,0.376,0.35,0.40,2.2023,2.0000,2.5000,0.74309,0.70,0.80,FuuA,58.41124,444.81364,8.76169,He3,K-
195,11,0.170,0.00,0.25,0.64039,0.379,0.35,0.40,2.2085,2.0000,2.5000,0.84889,0.80,1.60,FuuA,25.81495,540.66973,3.87224,He3,K-
196,11,0.208,0.00,0.25,0.52057,0.424,0.40,0.45,2.2101,2.0000,2.5000,0.06662,0.00,0.10,FuuA,779.78664,368.46730,116.96800,He3,K-
197,11,0.201,0.00,0.25,0.54096,0.425,0.40,0.45,2.2128,2.0000,2.5000,0.12457,0.10,0.15,FuuA,726.07941,350.46237,108.91191,He3,K-
198,11,0.194,0.00,0.25,0.56258,0.425,0.40,0.45,2.2125,2.0000,2.5000,0.17278,0.15,0.20,FuuA,667.92932,293.66066,100.18940,He3,K-
199,11,0.188,0.00,0.25,0.58051,0.425,0.40,0.45,2.2104,2.0000,2.5000,0.22318,0.20,0.25,FuuA,602.69008,270.64456,90.40351,He3,K-
200,11,0.184,0.00,0.25,0.59391,0.425,0.40,0.45,2.2087,2.0000,2.5000,0.27332,0.25,0.30,FuuA,533.91245,261.16349,80.08687,He3,K-
201,11,0.180,0.00,0.25,0.60470,0.425,0.40,0.45,2.2070,2.0000,2.5000,0.32426,0.30,0.35,FuuA,462.24160,255.32389,69.33624,He3,K-
202,11,0.178,0.00,0.25,0.61313,0.425,0.40,0.45,2.2045,2.0000,2.5000,0.37437,0.35,0.40,FuuA,392.99555,271.00187,58.94933,He3,K-
203,11,0.176,0.00,0.25,0.61918,0.425,0.40,0.45,2.2023,2.0000,2.5000,0.42525,0.40,0.45,FuuA,326.28521,270.60448,48.94278,He3,K-
204,11,0.175,0.00,0.25,0.62307,0.425,0.40,0.45,2.1995,2.0000,2.5000,0.47534,0.45,0.50,FuuA,266.06623,313.78310,39.90993,He3,K-
205,11,0.174,0.00,0.25,0.62391,0.425,0.40,0.45,2.1969,2.0000,2.5000,0.52610,0.50,0.55,FuuA,212.15892,312.68802,31.82384,He3,K-
206,11,0.175,0.00,0.25,0.62155,0.425,0.40,0.45,2.1951,2.0000,2.5000,0.57600,0.55,0.60,FuuA,166.20186,400.00052,24.93028,He3,K-
207,11,0.177,0.00,0.25,0.61546,0.425,0.40,0.45,2.1955,2.0000,2.5000,0.64388,0.60,0.70,FuuA,116.13228,305.25440,17.41984,He3,K-
208,11,0.179,0.00,0.25,0.60917,0.425,0.40,0.45,2.1963,2.0000,2.5000,0.73696,0.70,0.80,FuuA,65.59247,389.66960,9.83887,He3,K-
209,11,0.174,0.00,0.25,0.62496,0.427,0.40,0.45,2.2051,2.0000,2.5000,0.86949,0.80,1.60,FuuA,27.53927,373.71340,4.13089,He3,K-
210,11,0.209,0.00,0.25,0.51807,0.475,0.45,0.50,2.2094,2.0000,2.5000,0.06293,0.00,0.10,FuuA,636.70508,411.24309,95.50576,He3,K-
211,11,0.204,0.00,0.25,0.53346,0.474,0.45,0.50,2.2122,2.0000,2.5000,0.12289,0.10,0.15,FuuA,598.83167,349.55021,89.82475,He3,K-
212,11,0.197,0.00,0.25,0.55337,0.475,0.45,0.50,2.2131,2.0000,2.5000,0.17506,0.15,0.20,FuuA,551.73495,302.66424,82.76024,He3,K-
213,11,0.191,0.00,0.25,0.57143,0.475,0.45,0.50,2.2118,2.0000,2.5000,0.22357,0.20,0.25,FuuA,503.42159,301.66352,75.51324,He3,K-
214,11,0.186,0.00,0.25,0.58521,0.475,0.45,0.50,2.2103,2.0000,2.5000,0.27193,0.25,0.30,FuuA,452.61991,268.00992,67.89299,He3,K-
215,11,0.183,0.00,0.25,0.59636,0.475,0.45,0.50,2.2084,2.0000,2.5000,0.32347,0.30,0.35,FuuA,397.40798,263.99403,59.61120,He3,K-
216,11,0.180,0.00,0.25,0.60572,0.475,0.45,0.50,2.2067,2.0000,2.5000,0.37682,0.35,0.40,FuuA,340.09306,258.21621,51.01396,He3,K-
217,11,0.178,0.00,0.25,0.61274,0.475,0.45,0.50,2.2045,2.0000,2.5000,0.42457,0.40,0.45,FuuA,290.58928,314.15746,43.58839,He3,K-
218,11,0.176,0.00,0.25,0.61766,0.475,0.45,0.50,2.2031,2.0000,2.5000,0.47150,0.45,0.50,FuuA,244.88528,282.68778,36.73279,He3,K-
219,11,0.175,0.00,0.25,0.62187,0.475,0.45,0.50,2.2001,2.0000,2.5000,0.52571,0.50,0.55,FuuA,197.03822,306.71418,29.55573,He3,K-
220,11,0.175,0.00,0.25,0.62248,0.475,0.45,0.50,2.1974,2.0000,2.5000,0.57767,0.55,0.60,FuuA,156.86071,354.67911,23.52911,He3,K-
221,11,0.175,0.00,0.25,0.62008,0.475,0.45,0.50,2.1958,2.0000,2.5000,0.64592,0.60,0.70,FuuA,113.24267,302.10458,16.98640,He3,K-
222,11,0.178,0.00,0.25,0.61328,0.475,0.45,0.50,2.1965,2.0000,2.5000,0.74408,0.70,0.80,FuuA,66.33843,349.78880,9.95076,He3,K-
223,11,0.174,0.00,0.25,0.62446,0.476,0.45,0.50,2.2017,2.0000,2.5000,0.90875,0.80,1.60,FuuA,25.00487,335.95398,3.75073,He3,K-
224,11,0.210,0.00,0.25,0.51513,0.525,0.50,0.55,2.2065,2.0000,2.5000,0.06307,0.00,0.10,FuuA,529.43430,423.61866,79.41515,He3,K-
225,11,0.205,0.00,0.25,0.52862,0.525,0.50,0.55,2.2093,2.0000,2.5000,0.12492,0.10,0.15,FuuA,499.83665,348.30851,74.97550,He3,K-
226,11,0.200,0.00,0.25,0.54484,0.525,0.50,0.55,2.2112,2.0000,2.5000,0.17411,0.15,0.20,FuuA,466.14423,339.55848,69.92163,He3,K-
227,11,0.194,0.00,0.25,0.56193,0.525,0.50,0.55,2.2096,2.0000,2.5000,0.22247,0.20,0.25,FuuA,429.36253,288.26780,64.40438,He3,K-
228,11,0.189,0.00,0.25,0.57655,0.525,0.50,0.55,2.2093,2.0000,2.5000,0.27232,0.25,0.30,FuuA,388.44418,285.93908,58.26663,He3,K-
229,11,0.185,0.00,0.25,0.58838,0.525,0.50,0.55,2.2078,2.0000,2.5000,0.32575,0.30,0.35,FuuA,343.59746,251.34930,51.53962,He3,K-
230,11,0.182,0.00,0.25,0.59830,0.525,0.50,0.55,2.2058,2.0000,2.5000,0.37953,0.35,0.40,FuuA,298.19733,276.13301,44.72960,He3,K-
231,11,0.180,0.00,0.25,0.60599,0.525,0.50,0.55,2.2047,2.0000,2.5000,0.42973,0.40,0.45,FuuA,256.56164,274.24495,38.48425,He3,K-
232,11,0.178,0.00,0.25,0.61229,0.525,0.50,0.55,2.2024,2.0000,2.5000,0.47753,0.45,0.50,FuuA,219.00507,311.14709,32.85076,He3,K-
233,11,0.176,0.00,0.25,0.61701,0.525,0.50,0.55,2.2002,2.0000,2.5000,0.52423,0.50,0.55,FuuA,184.92675,305.74837,27.73901,He3,K-
234,11,0.176,0.00,0.25,0.61965,0.525,0.50,0.55,2.1985,2.0000,2.5000,0.57825,0.55,0.60,FuuA,149.43603,307.69198,22.41540,He3,K-
235,11,0.175,0.00,0.25,0.62059,0.526,0.50,0.55,2.1956,2.0000,2.5000,0.64508,0.60,0.70,FuuA,111.97377,304.52585,16.79607,He3,K-
236,11,0.176,0.00,0.25,0.61891,0.526,0.50,0.55,2.1959,2.0000,2.5000,0.74119,0.70,0.80,FuuA,70.34928,301.78191,10.55239,He3,K-
237,11,0.171,0.00,0.25,0.63070,0.526,0.50,0.55,2.1979,2.0000,2.5000,0.93438,0.80,1.60,FuuA,25.06234,307.22781,3.75935,He3,K-
238,11,0.210,0.00,0.25,0.51482,0.575,0.55,0.60,2.2076,2.0000,2.5000,0.07620,0.00,0.10,FuuA,443.32427,349.00207,66.49864,He3,K-
239,11,0.207,0.00,0.25,0.52466,0.575,0.55,0.60,2.2096,2.0000,2.5000,0.12851,0.10,0.15,FuuA,424.00197,484.41360,63.60029,He3,K-
240,11,0.202,0.00,0.25,0.53838,0.575,0.55,0.60,2.2116,2.0000,2.5000,0.17549,0.15,0.20,FuuA,398.76778,277.67409,59.81517,He3,K-
241,11,0.197,0.00,0.25,0.55386,0.575,0.55,0.60,2.2116,2.0000,2.5000,0.22494,0.20,0.25,FuuA,369.10441,337.23446,55.36566,He3,K-
242,11,0.192,0.00,0.25,0.56750,0.575,0.55,0.60,2.2107,2.0000,2.5000,0.26910,0.25,0.30,FuuA,340.64478,271.03928,51.09672,He3,K-
243,11,0.188,0.00,0.25,0.57970,0.575,0.55,0.60,2.2095,2.0000,2.5000,0.31932,0.30,0.35,FuuA,307.13804,267.50321,46.07071,He3,K-
244,11,0.185,0.00,0.25,0.58928,0.575,0.55,0.60,2.2082,2.0000,2.5000,0.36881,0.35,0.40,FuuA,273.71480,263.23625,41.05722,He3,K-
245,11,0.182,0.00,0.25,0.59744,0.575,0.55,0.60,2.2067,2.0000,2.5000,0.41955,0.40,0.45,FuuA,239.61065,261.31908,35.94160,He3,K-
246,11,0.180,0.00,0.25,0.60437,0.575,0.55,0.60,2.2057,2.0000,2.5000,0.47310,0.45,0.50,FuuA,204.77686,259.30739,30.71653,He3,K-
247,11,0.179,0.00,0.25,0.60994,0.576,0.55,0.60,2.2045,2.0000,2.5000,0.52156,0.50,0.55,FuuA,174.92317,317.68073,26.23848,He3,K-
248,11,0.177,0.00,0.25,0.61393,0.576,0.55,0.60,2.2031,2.0000,2.5000,0.56508,0.55,0.60,FuuA,150.12618,312.38151,22.51893,He3,K-
249,11,0.176,0.00,0.25,0.61931,0.576,0.55,0.60,2.2004,2.0000,2.5000,0.64585,0.60,0.70,FuuA,110.30955,219.66450,16.54643,He3,K-
250,11,0.174,0.00,0.25,0.62447,0.576,0.55,0.60,2.1986,2.0000,2.5000,0.75791,0.70,0.80,FuuA,66.70262,308.79463,10.00539,He3,K-
251,11,0.168,0.00,0.25,0.64187,0.576,0.55,0.60,2.1970,2.0000,2.5000,0.94542,0.80,1.60,FuuA,27.16310,277.98829,4.07446,He3,K-
