i,Ebeam,x,xl,xr,y,z,zl,zr,Q2,Q2l,Q2r,pT,pTl,pTr,obs,value,stat,syst,target,hadron
0,11,0.267,0.25,0.50,0.33483,0.340,0.30,0.40,1.8446,1.5000,2.0000,0.07268,0.00,0.10,FuuA,6600.08513,70.72054,660.00851,He3,pi+
1,11,0.270,0.25,0.50,0.33035,0.345,0.30,0.40,1.8398,1.5000,2.0000,0.14883,0.10,0.20,FuuA,5819.97874,46.33056,581.99787,He3,pi+
2,11,0.271,0.25,0.50,0.33000,0.350,0.30,0.40,1.8403,1.5000,2.0000,0.24024,0.20,0.30,FuuA,4641.36654,50.71129,464.13665,He3,pi+
3,11,0.270,0.25,0.50,0.33024,0.345,0.30,0.40,1.8395,1.5000,2.0000,0.34700,0.30,0.40,FuuA,3446.07181,54.66805,344.60718,He3,pi+
4,11,0.270,0.25,0.50,0.33075,0.348,0.30,0.40,1.8403,1.5000,2.0000,0.50103,0.40,0.60,FuuA,1719.87672,48.54543,171.98767,He3,pi+
5,11,0.263,0.25,0.50,0.34648,0.377,0.30,0.40,1.8794,1.5000,2.0000,0.65526,0.60,0.80,FuuA,559.24697,207.93960,55.92470,He3,pi+
6,11,0.267,0.25,0.50,0.33583,0.423,0.40,0.50,1.8452,1.5000,2.0000,0.08223,0.00,0.10,FuuA,3440.92134,124.99740,344.09213,He3,pi+
7,11,0.269,0.25,0.50,0.33197,0.449,0.40,0.50,1.8405,1.5000,2.0000,0.14613,0.10,0.20,FuuA,2729.33535,60.96556,272.93354,He3,pi+
8,11,0.271,0.25,0.50,0.32947,0.449,0.40,0.50,1.8390,1.5000,2.0000,0.23705,0.20,0.30,FuuA,2361.77247,61.76565,236.17725,He3,pi+
9,11,0.271,0.25,0.50,0.32997,0.441,0.40,0.50,1.8398,1.5000,2.0000,0.32823,0.30,0.40,FuuA,1983.70700,70.21716,198.37070,He3,pi+
10,11,0.270,0.25,0.50,0.33097,0.450,0.40,0.50,1.8398,1.5000,2.0000,0.46523,0.40,0.60,FuuA,1187.29106,60.84123,118.72911,He3,pi+
11,11,0.263,0.25,0.50,0.34409,0.432,0.40,0.50,1.8666,1.5000,2.0000,0.62715,0.60,0.80,FuuA,575.66264,133.70414,57.56626,He3,pi+
12,11,0.268,0.25,0.50,0.33325,0.540,0.50,0.60,1.8418,1.5000,2.0000,0.15209,0.10,0.20,FuuA,1434.24122,71.19212,143.42412,He3,pi+
13,11,0.270,0.25,0.50,0.33045,0.549,0.50,0.60,1.8383,1.5000,2.0000,0.25059,0.20,0.30,FuuA,1192.45939,86.45776,119.24594,He3,pi+
14,11,0.269,0.25,0.50,0.33165,0.549,0.50,0.60,1.8420,1.5000,2.0000,0.33153,0.30,0.40,FuuA,1015.20260,86.58854,101.52026,He3,pi+
15,11,0.266,0.25,0.50,0.33946,0.534,0.50,0.60,1.8581,1.5000,2.0000,0.46186,0.40,0.60,FuuA,757.51610,90.80348,75.75161,He3,pi+
16,11,0.279,0.25,0.50,0.39630,0.344,0.30,0.40,2.2689,2.0000,2.5000,0.06576,0.00,0.10,FuuA,3824.08266,45.56198,382.40827,He3,pi+
17,11,0.288,0.25,0.50,0.38328,0.345,0.30,0.40,2.2594,2.0000,2.5000,0.15005,0.10,0.20,FuuA,3457.35605,30.91938,345.73561,He3,pi+
18,11,0.289,0.25,0.50,0.38185,0.348,0.30,0.40,2.2606,2.0000,2.5000,0.24722,0.20,0.30,FuuA,2732.86159,34.78027,273.28616,He3,pi+
19,11,0.288,0.25,0.50,0.38298,0.347,0.30,0.40,2.2601,2.0000,2.5000,0.34732,0.30,0.40,FuuA,2010.17475,41.01825,201.01747,He3,pi+
20,11,0.288,0.25,0.50,0.38218,0.344,0.30,0.40,2.2562,2.0000,2.5000,0.48996,0.40,0.60,FuuA,1101.70118,35.19477,110.17012,He3,pi+
21,11,0.279,0.25,0.50,0.39736,0.359,0.30,0.40,2.2787,2.0000,2.5000,0.65474,0.60,0.80,FuuA,378.28396,68.00003,37.82840,He3,pi+
22,11,0.275,0.25,0.50,0.40183,0.443,0.40,0.50,2.2726,2.0000,2.5000,0.06283,0.00,0.10,FuuA,1782.10848,71.22197,178.21085,He3,pi+
23,11,0.285,0.25,0.50,0.38709,0.444,0.40,0.50,2.2611,2.0000,2.5000,0.15148,0.10,0.20,FuuA,1645.51383,40.85220,164.55138,He3,pi+
24,11,0.289,0.25,0.50,0.38062,0.447,0.40,0.50,2.2582,2.0000,2.5000,0.25013,0.20,0.30,FuuA,1354.07741,40.78721,135.40774,He3,pi+
25,11,0.289,0.25,0.50,0.38201,0.449,0.40,0.50,2.2597,2.0000,2.5000,0.35139,0.30,0.40,FuuA,1032.25889,50.10072,103.22589,He3,pi+
26,11,0.287,0.25,0.50,0.38369,0.445,0.40,0.50,2.2591,2.0000,2.5000,0.48323,0.40,0.60,FuuA,666.79914,46.01060,66.67991,He3,pi+
27,11,0.275,0.25,0.50,0.40163,0.444,0.40,0.50,2.2719,2.0000,2.5000,0.66889,0.60,0.80,FuuA,269.59174,71.83300,26.95917,He3,pi+
28,11,0.261,0.25,0.50,0.43592,0.473,0.40,0.50,2.3482,2.0000,2.5000,0.81892,0.80,1.60,FuuA,89.50219,324.37020,8.95022,He3,pi+
29,11,0.274,0.25,0.50,0.40355,0.540,0.50,0.60,2.2738,2.0000,2.5000,0.07108,0.00,0.10,FuuA,880.18168,91.38682,88.01817,He3,pi+
30,11,0.283,0.25,0.50,0.38998,0.545,0.50,0.60,2.2636,2.0000,2.5000,0.15507,0.10,0.20,FuuA,802.12850,60.16678,80.21285,He3,pi+
31,11,0.287,0.25,0.50,0.38327,0.546,0.50,0.60,2.2571,2.0000,2.5000,0.24675,0.20,0.30,FuuA,707.58628,52.74719,70.75863,He3,pi+
32,11,0.288,0.25,0.50,0.38253,0.546,0.50,0.60,2.2596,2.0000,2.5000,0.34156,0.30,0.40,FuuA,583.04701,59.84396,58.30470,He3,pi+
33,11,0.281,0.25,0.50,0.39309,0.545,0.50,0.60,2.2658,2.0000,2.5000,0.47171,0.40,0.60,FuuA,409.00554,59.14394,40.90055,He3,pi+
34,11,0.268,0.25,0.50,0.41646,0.538,0.50,0.60,2.2998,2.0000,2.5000,0.65583,0.60,0.80,FuuA,202.51591,106.05691,20.25159,He3,pi+
35,11,0.292,0.25,0.50,0.46121,0.343,0.30,0.40,2.7499,2.5000,3.0000,0.06564,0.00,0.10,FuuA,2337.13722,41.08234,233.71372,He3,pi+
36,11,0.301,0.25,0.50,0.44931,0.346,0.30,0.40,2.7517,2.5000,3.0000,0.15013,0.10,0.20,FuuA,2042.76488,29.08588,204.27649,He3,pi+
37,11,0.304,0.25,0.50,0.44537,0.346,0.30,0.40,2.7520,2.5000,3.0000,0.24724,0.20,0.30,FuuA,1654.84932,32.95297,165.48493,He3,pi+
38,11,0.302,0.25,0.50,0.44712,0.348,0.30,0.40,2.7511,2.5000,3.0000,0.34769,0.30,0.40,FuuA,1188.78278,38.12121,118.87828,He3,pi+
39,11,0.303,0.25,0.50,0.44613,0.345,0.30,0.40,2.7484,2.5000,3.0000,0.49201,0.40,0.60,FuuA,643.54446,34.55455,64.35445,He3,pi+
40,11,0.292,0.25,0.50,0.46136,0.353,0.30,0.40,2.7566,2.5000,3.0000,0.67755,0.60,0.80,FuuA,203.41822,58.45180,20.34182,He3,pi+
41,11,0.270,0.25,0.50,0.50495,0.382,0.30,0.40,2.8093,2.5000,3.0000,0.88442,0.80,1.60,FuuA,34.54243,434.95980,3.45424,He3,pi+
42,11,0.289,0.25,0.50,0.46463,0.445,0.40,0.50,2.7500,2.5000,3.0000,0.06635,0.00,0.10,FuuA,1058.87600,59.80841,105.88760,He3,pi+
43,11,0.297,0.25,0.50,0.45436,0.444,0.40,0.50,2.7508,2.5000,3.0000,0.15422,0.10,0.20,FuuA,968.38287,38.13111,96.83829,He3,pi+
44,11,0.304,0.25,0.50,0.44456,0.447,0.40,0.50,2.7514,2.5000,3.0000,0.24991,0.20,0.30,FuuA,796.23606,40.82164,79.62361,He3,pi+
45,11,0.304,0.25,0.50,0.44556,0.447,0.40,0.50,2.7513,2.5000,3.0000,0.34420,0.30,0.40,FuuA,631.43877,47.52031,63.14388,He3,pi+
46,11,0.302,0.25,0.50,0.44797,0.446,0.40,0.50,2.7507,2.5000,3.0000,0.47923,0.40,0.60,FuuA,397.97694,42.35735,39.79769,He3,pi+
47,11,0.289,0.25,0.50,0.46503,0.449,0.40,0.50,2.7520,2.5000,3.0000,0.68116,0.60,0.80,FuuA,150.62647,64.51287,15.06265,He3,pi+
48,11,0.272,0.25,0.50,0.49706,0.439,0.40,0.50,2.7780,2.5000,3.0000,0.87745,0.80,1.60,FuuA,39.93736,167.12576,3.99374,He3,pi+
49,11,0.287,0.25,0.50,0.46658,0.540,0.50,0.60,2.7491,2.5000,3.0000,0.06317,0.00,0.10,FuuA,530.04668,91.20076,53.00467,He3,pi+
50,11,0.294,0.25,0.50,0.45835,0.546,0.50,0.60,2.7501,2.5000,3.0000,0.14970,0.10,0.20,FuuA,472.90209,52.95606,47.29021,He3,pi+
51,11,0.301,0.25,0.50,0.44844,0.544,0.50,0.60,2.7507,2.5000,3.0000,0.24748,0.20,0.30,FuuA,415.70443,50.45289,41.57044,He3,pi+
52,11,0.303,0.25,0.50,0.44598,0.549,0.50,0.60,2.7507,2.5000,3.0000,0.34566,0.30,0.40,FuuA,329.25844,56.23137,32.92584,He3,pi+
53,11,0.294,0.25,0.50,0.45789,0.546,0.50,0.60,2.7526,2.5000,3.0000,0.48905,0.40,0.60,FuuA,227.72873,53.05221,22.77287,He3,pi+
54,11,0.281,0.25,0.50,0.47834,0.540,0.50,0.60,2.7596,2.5000,3.0000,0.67994,0.60,0.80,FuuA,110.21367,92.55080,11.02137,He3,pi+
55,11,0.266,0.25,0.50,0.50846,0.537,0.50,0.60,2.7913,2.5000,3.0000,0.86244,0.80,1.60,FuuA,39.90839,199.01460,3.99084,He3,pi+
